,start,end
11808,2021-05-07T15:13:19.000Z,2021-05-07T15:33:19.000Z
11809,2021-05-07T08:12:21.000Z,2021-05-07T08:32:21.000Z
11810,2021-05-07T18:48:46.000Z,2021-05-07T19:08:46.000Z
11811,2021-05-07T17:47:27.000Z,2021-05-07T18:07:27.000Z
11812,2021-05-07T18:00:40.000Z,2021-05-07T18:20:40.000Z
11813,2021-05-07T05:59:50.000Z,2021-05-07T06:19:50.000Z
11814,2021-05-07T04:57:24.000Z,2021-05-07T05:17:24.000Z
11815,2021-05-07T09:49:05.000Z,2021-05-07T10:09:05.000Z
11816,2021-05-07T05:44:50.000Z,2021-05-07T06:04:50.000Z
11817,2021-05-07T15:40:11.000Z,2021-05-07T16:00:11.000Z
11818,2021-05-07T09:56:35.000Z,2021-05-07T10:16:35.000Z
11819,2021-05-07T12:11:45.000Z,2021-05-07T12:31:45.000Z
11820,2021-05-07T14:46:25.000Z,2021-05-07T15:06:25.000Z
11821,2021-05-07T00:11:15.000Z,2021-05-07T00:31:15.000Z
11822,2021-05-07T10:30:46.000Z,2021-05-07T10:50:46.000Z
11823,2021-05-07T14:13:52.000Z,2021-05-07T14:33:52.000Z
11824,2021-05-07T15:59:28.000Z,2021-05-07T16:19:28.000Z
11825,2021-05-07T02:02:56.000Z,2021-05-07T02:22:56.000Z
11826,2021-05-07T02:14:24.000Z,2021-05-07T02:34:24.000Z
11827,2021-05-07T20:22:04.000Z,2021-05-07T20:42:04.000Z
11828,2021-05-07T19:04:25.000Z,2021-05-07T19:24:25.000Z
11829,2021-05-07T15:58:23.000Z,2021-05-07T16:18:23.000Z
11830,2021-05-07T08:55:43.000Z,2021-05-07T09:15:43.000Z
11831,2021-05-07T06:20:56.000Z,2021-05-07T06:40:56.000Z
11832,2021-05-08T21:29:53.000Z,2021-05-08T21:49:53.000Z
11833,2021-05-08T10:10:49.000Z,2021-05-08T10:30:49.000Z
11834,2021-05-08T23:58:44.000Z,2021-05-09T00:18:44.000Z
11835,2021-05-08T11:19:17.000Z,2021-05-08T11:39:17.000Z
11836,2021-05-08T15:34:00.000Z,2021-05-08T15:54:00.000Z
11837,2021-05-08T18:45:13.000Z,2021-05-08T19:05:13.000Z
11838,2021-05-08T00:10:48.000Z,2021-05-08T00:30:48.000Z
11839,2021-05-08T01:17:23.000Z,2021-05-08T01:37:23.000Z
11840,2021-05-08T18:57:51.000Z,2021-05-08T19:17:51.000Z
11841,2021-05-08T15:43:18.000Z,2021-05-08T16:03:18.000Z
11842,2021-05-08T18:36:27.000Z,2021-05-08T18:56:27.000Z
11843,2021-05-08T01:28:26.000Z,2021-05-08T01:48:26.000Z
11844,2021-05-08T11:31:30.000Z,2021-05-08T11:51:30.000Z
11845,2021-05-08T05:20:44.000Z,2021-05-08T05:40:44.000Z
11846,2021-05-08T05:32:52.000Z,2021-05-08T05:52:52.000Z
11847,2021-05-08T11:59:06.000Z,2021-05-08T12:19:06.000Z
11848,2021-05-08T14:12:02.000Z,2021-05-08T14:32:02.000Z
11849,2021-05-08T16:59:09.000Z,2021-05-08T17:19:09.000Z
11850,2021-05-08T15:41:00.000Z,2021-05-08T16:01:00.000Z
11851,2021-05-08T13:09:48.000Z,2021-05-08T13:29:48.000Z
11852,2021-05-08T10:59:58.000Z,2021-05-08T11:19:58.000Z
11853,2021-05-08T12:09:44.000Z,2021-05-08T12:29:44.000Z
11854,2021-05-08T00:38:30.000Z,2021-05-08T00:58:30.000Z
11855,2021-05-08T14:17:52.000Z,2021-05-08T14:37:52.000Z
11856,2021-05-09T15:35:21.000Z,2021-05-09T15:55:21.000Z
11857,2021-05-09T20:44:33.000Z,2021-05-09T21:04:33.000Z
11858,2021-05-09T08:44:56.000Z,2021-05-09T09:04:56.000Z
11859,2021-05-09T18:46:09.000Z,2021-05-09T19:06:09.000Z
11860,2021-05-09T02:58:47.000Z,2021-05-09T03:18:47.000Z
11861,2021-05-09T23:08:27.000Z,2021-05-09T23:28:27.000Z
11862,2021-05-09T13:06:02.000Z,2021-05-09T13:26:02.000Z
11863,2021-05-09T17:02:26.000Z,2021-05-09T17:22:26.000Z
11864,2021-05-09T13:23:32.000Z,2021-05-09T13:43:32.000Z
11865,2021-05-09T23:45:07.000Z,2021-05-10T00:05:07.000Z
11866,2021-05-09T20:29:27.000Z,2021-05-09T20:49:27.000Z
11867,2021-05-09T12:59:20.000Z,2021-05-09T13:19:20.000Z
11868,2021-05-09T16:12:27.000Z,2021-05-09T16:32:27.000Z
11869,2021-05-09T13:41:13.000Z,2021-05-09T14:01:13.000Z
11870,2021-05-09T23:49:58.000Z,2021-05-10T00:09:58.000Z
11871,2021-05-09T22:29:32.000Z,2021-05-09T22:49:32.000Z
11872,2021-05-09T10:18:36.000Z,2021-05-09T10:38:36.000Z
11873,2021-05-09T15:41:52.000Z,2021-05-09T16:01:52.000Z
11874,2021-05-09T00:49:49.000Z,2021-05-09T01:09:49.000Z
11875,2021-05-09T03:04:47.000Z,2021-05-09T03:24:47.000Z
11876,2021-05-09T16:17:32.000Z,2021-05-09T16:37:32.000Z
11877,2021-05-09T06:32:34.000Z,2021-05-09T06:52:34.000Z
11878,2021-05-09T09:53:45.000Z,2021-05-09T10:13:45.000Z
11879,2021-05-09T11:19:40.000Z,2021-05-09T11:39:40.000Z
11880,2021-05-10T00:39:46.000Z,2021-05-10T00:59:46.000Z
11881,2021-05-10T00:56:15.000Z,2021-05-10T01:16:15.000Z
11882,2021-05-10T12:54:57.000Z,2021-05-10T13:14:57.000Z
11883,2021-05-10T15:03:48.000Z,2021-05-10T15:23:48.000Z
11884,2021-05-10T21:52:06.000Z,2021-05-10T22:12:06.000Z
11885,2021-05-10T04:09:34.000Z,2021-05-10T04:29:34.000Z
11886,2021-05-10T09:10:56.000Z,2021-05-10T09:30:56.000Z
11887,2021-05-10T04:43:42.000Z,2021-05-10T05:03:42.000Z
11888,2021-05-10T16:20:48.000Z,2021-05-10T16:40:48.000Z
11889,2021-05-10T22:12:12.000Z,2021-05-10T22:32:12.000Z
11890,2021-05-10T16:16:44.000Z,2021-05-10T16:36:44.000Z
11891,2021-05-10T03:26:25.000Z,2021-05-10T03:46:25.000Z
11892,2021-05-10T05:35:59.000Z,2021-05-10T05:55:59.000Z
11893,2021-05-10T07:44:26.000Z,2021-05-10T08:04:26.000Z
11894,2021-05-10T08:31:47.000Z,2021-05-10T08:51:47.000Z
11895,2021-05-10T19:25:36.000Z,2021-05-10T19:45:36.000Z
11896,2021-05-10T20:07:18.000Z,2021-05-10T20:27:18.000Z
11897,2021-05-10T19:22:40.000Z,2021-05-10T19:42:40.000Z
11898,2021-05-10T18:23:26.000Z,2021-05-10T18:43:26.000Z
11899,2021-05-10T22:04:49.000Z,2021-05-10T22:24:49.000Z
11900,2021-05-10T00:14:59.000Z,2021-05-10T00:34:59.000Z
11901,2021-05-10T18:57:04.000Z,2021-05-10T19:17:04.000Z
11902,2021-05-10T16:01:07.000Z,2021-05-10T16:21:07.000Z
11903,2021-05-10T21:29:43.000Z,2021-05-10T21:49:43.000Z
11904,2021-05-11T05:52:06.000Z,2021-05-11T06:12:06.000Z
11905,2021-05-11T20:15:05.000Z,2021-05-11T20:35:05.000Z
11906,2021-05-11T22:25:51.000Z,2021-05-11T22:45:51.000Z
11907,2021-05-11T11:34:58.000Z,2021-05-11T11:54:58.000Z
11908,2021-05-11T17:48:20.000Z,2021-05-11T18:08:20.000Z
11909,2021-05-11T11:49:36.000Z,2021-05-11T12:09:36.000Z
11910,2021-05-11T18:31:49.000Z,2021-05-11T18:51:49.000Z
11911,2021-05-11T01:32:00.000Z,2021-05-11T01:52:00.000Z
11912,2021-05-11T00:04:36.000Z,2021-05-11T00:24:36.000Z
11913,2021-05-11T03:17:15.000Z,2021-05-11T03:37:15.000Z
11914,2021-05-11T03:20:35.000Z,2021-05-11T03:40:35.000Z
11915,2021-05-11T12:41:14.000Z,2021-05-11T13:01:14.000Z
11916,2021-05-11T18:48:20.000Z,2021-05-11T19:08:20.000Z
11917,2021-05-11T23:00:20.000Z,2021-05-11T23:20:20.000Z
11918,2021-05-11T19:43:57.000Z,2021-05-11T20:03:57.000Z
11919,2021-05-11T02:57:05.000Z,2021-05-11T03:17:05.000Z
11920,2021-05-11T15:53:35.000Z,2021-05-11T16:13:35.000Z
11921,2021-05-11T00:13:52.000Z,2021-05-11T00:33:52.000Z
11922,2021-05-11T04:22:58.000Z,2021-05-11T04:42:58.000Z
11923,2021-05-11T14:45:41.000Z,2021-05-11T15:05:41.000Z
11924,2021-05-11T14:32:26.000Z,2021-05-11T14:52:26.000Z
11925,2021-05-11T18:45:40.000Z,2021-05-11T19:05:40.000Z
11926,2021-05-11T00:07:38.000Z,2021-05-11T00:27:38.000Z
11927,2021-05-11T03:39:43.000Z,2021-05-11T03:59:43.000Z
11928,2021-05-12T08:04:58.000Z,2021-05-12T08:24:58.000Z
11929,2021-05-12T06:05:06.000Z,2021-05-12T06:25:06.000Z
11930,2021-05-12T04:56:46.000Z,2021-05-12T05:16:46.000Z
11931,2021-05-12T01:43:02.000Z,2021-05-12T02:03:02.000Z
11932,2021-05-12T15:41:35.000Z,2021-05-12T16:01:35.000Z
11933,2021-05-12T23:31:43.000Z,2021-05-12T23:51:43.000Z
11934,2021-05-12T08:52:59.000Z,2021-05-12T09:12:59.000Z
11935,2021-05-12T00:06:16.000Z,2021-05-12T00:26:16.000Z
11936,2021-05-12T06:07:35.000Z,2021-05-12T06:27:35.000Z
11937,2021-05-12T19:25:44.000Z,2021-05-12T19:45:44.000Z
11938,2021-05-12T18:05:18.000Z,2021-05-12T18:25:18.000Z
11939,2021-05-12T14:42:20.000Z,2021-05-12T15:02:20.000Z
11940,2021-05-12T13:12:14.000Z,2021-05-12T13:32:14.000Z
11941,2021-05-12T20:36:26.000Z,2021-05-12T20:56:26.000Z
11942,2021-05-12T00:00:23.000Z,2021-05-12T00:20:23.000Z
11943,2021-05-12T18:03:29.000Z,2021-05-12T18:23:29.000Z
11944,2021-05-12T09:28:12.000Z,2021-05-12T09:48:12.000Z
11945,2021-05-12T09:43:24.000Z,2021-05-12T10:03:24.000Z
11946,2021-05-12T19:30:41.000Z,2021-05-12T19:50:41.000Z
11947,2021-05-12T17:53:52.000Z,2021-05-12T18:13:52.000Z
11948,2021-05-12T18:18:27.000Z,2021-05-12T18:38:27.000Z
11949,2021-05-12T12:47:04.000Z,2021-05-12T13:07:04.000Z
11950,2021-05-12T10:53:32.000Z,2021-05-12T11:13:32.000Z
11951,2021-05-12T17:30:48.000Z,2021-05-12T17:50:48.000Z
11952,2021-05-13T04:09:59.000Z,2021-05-13T04:29:59.000Z
11953,2021-05-13T00:47:49.000Z,2021-05-13T01:07:49.000Z
11954,2021-05-13T15:08:55.000Z,2021-05-13T15:28:55.000Z
11955,2021-05-13T19:22:17.000Z,2021-05-13T19:42:17.000Z
11956,2021-05-13T17:46:51.000Z,2021-05-13T18:06:51.000Z
11957,2021-05-13T02:20:41.000Z,2021-05-13T02:40:41.000Z
11958,2021-05-13T23:03:32.000Z,2021-05-13T23:23:32.000Z
11959,2021-05-13T11:01:05.000Z,2021-05-13T11:21:05.000Z
11960,2021-05-13T22:27:57.000Z,2021-05-13T22:47:57.000Z
11961,2021-05-13T04:04:34.000Z,2021-05-13T04:24:34.000Z
11962,2021-05-13T12:22:28.000Z,2021-05-13T12:42:28.000Z
11963,2021-05-13T18:11:58.000Z,2021-05-13T18:31:58.000Z
11964,2021-05-13T02:44:23.000Z,2021-05-13T03:04:23.000Z
11965,2021-05-13T21:21:54.000Z,2021-05-13T21:41:54.000Z
11966,2021-05-13T21:11:21.000Z,2021-05-13T21:31:21.000Z
11967,2021-05-13T02:37:25.000Z,2021-05-13T02:57:25.000Z
11968,2021-05-13T20:52:12.000Z,2021-05-13T21:12:12.000Z
11969,2021-05-13T19:45:23.000Z,2021-05-13T20:05:23.000Z
11970,2021-05-13T18:50:56.000Z,2021-05-13T19:10:56.000Z
11971,2021-05-13T23:53:12.000Z,2021-05-14T00:13:12.000Z
11972,2021-05-13T10:15:52.000Z,2021-05-13T10:35:52.000Z
11973,2021-05-13T13:20:25.000Z,2021-05-13T13:40:25.000Z
11974,2021-05-13T12:13:24.000Z,2021-05-13T12:33:24.000Z
11975,2021-05-13T04:01:02.000Z,2021-05-13T04:21:02.000Z
11976,2021-05-14T06:16:40.000Z,2021-05-14T06:36:40.000Z
11977,2021-05-14T09:14:15.000Z,2021-05-14T09:34:15.000Z
11978,2021-05-14T09:22:27.000Z,2021-05-14T09:42:27.000Z
11979,2021-05-14T20:09:40.000Z,2021-05-14T20:29:40.000Z
11980,2021-05-14T05:39:01.000Z,2021-05-14T05:59:01.000Z
11981,2021-05-14T04:54:09.000Z,2021-05-14T05:14:09.000Z
11982,2021-05-14T18:24:33.000Z,2021-05-14T18:44:33.000Z
11983,2021-05-14T15:33:54.000Z,2021-05-14T15:53:54.000Z
11984,2021-05-14T15:32:25.000Z,2021-05-14T15:52:25.000Z
11985,2021-05-14T11:28:25.000Z,2021-05-14T11:48:25.000Z
11986,2021-05-14T18:05:43.000Z,2021-05-14T18:25:43.000Z
11987,2021-05-14T00:06:20.000Z,2021-05-14T00:26:20.000Z
11988,2021-05-14T18:40:33.000Z,2021-05-14T19:00:33.000Z
11989,2021-05-14T07:18:19.000Z,2021-05-14T07:38:19.000Z
11990,2021-05-14T13:52:49.000Z,2021-05-14T14:12:49.000Z
11991,2021-05-14T18:21:09.000Z,2021-05-14T18:41:09.000Z
11992,2021-05-14T04:43:46.000Z,2021-05-14T05:03:46.000Z
11993,2021-05-14T02:14:39.000Z,2021-05-14T02:34:39.000Z
11994,2021-05-14T00:08:41.000Z,2021-05-14T00:28:41.000Z
11995,2021-05-14T21:33:49.000Z,2021-05-14T21:53:49.000Z
11996,2021-05-14T22:20:40.000Z,2021-05-14T22:40:40.000Z
11997,2021-05-14T23:08:03.000Z,2021-05-14T23:28:03.000Z
11998,2021-05-14T13:48:07.000Z,2021-05-14T14:08:07.000Z
11999,2021-05-14T22:34:36.000Z,2021-05-14T22:54:36.000Z
12000,2021-05-15T08:50:29.000Z,2021-05-15T09:10:29.000Z
12001,2021-05-15T12:11:15.000Z,2021-05-15T12:31:15.000Z
12002,2021-05-15T13:12:30.000Z,2021-05-15T13:32:30.000Z
12003,2021-05-15T14:23:21.000Z,2021-05-15T14:43:21.000Z
12004,2021-05-15T04:23:42.000Z,2021-05-15T04:43:42.000Z
12005,2021-05-15T12:11:04.000Z,2021-05-15T12:31:04.000Z
12006,2021-05-15T15:40:15.000Z,2021-05-15T16:00:15.000Z
12007,2021-05-15T22:34:28.000Z,2021-05-15T22:54:28.000Z
12008,2021-05-15T05:08:28.000Z,2021-05-15T05:28:28.000Z
12009,2021-05-15T09:11:19.000Z,2021-05-15T09:31:19.000Z
12010,2021-05-15T02:22:10.000Z,2021-05-15T02:42:10.000Z
12011,2021-05-15T03:46:56.000Z,2021-05-15T04:06:56.000Z
12012,2021-05-15T22:30:26.000Z,2021-05-15T22:50:26.000Z
12013,2021-05-15T20:03:15.000Z,2021-05-15T20:23:15.000Z
12014,2021-05-15T00:58:16.000Z,2021-05-15T01:18:16.000Z
12015,2021-05-15T06:47:31.000Z,2021-05-15T07:07:31.000Z
12016,2021-05-15T23:38:28.000Z,2021-05-15T23:58:28.000Z
12017,2021-05-15T09:48:17.000Z,2021-05-15T10:08:17.000Z
12018,2021-05-15T02:47:07.000Z,2021-05-15T03:07:07.000Z
12019,2021-05-15T01:45:23.000Z,2021-05-15T02:05:23.000Z
12020,2021-05-15T09:09:18.000Z,2021-05-15T09:29:18.000Z
12021,2021-05-15T11:14:06.000Z,2021-05-15T11:34:06.000Z
12022,2021-05-15T13:59:20.000Z,2021-05-15T14:19:20.000Z
12023,2021-05-15T08:48:14.000Z,2021-05-15T09:08:14.000Z
12024,2021-05-16T21:21:33.000Z,2021-05-16T21:41:33.000Z
12025,2021-05-16T09:01:31.000Z,2021-05-16T09:21:31.000Z
12026,2021-05-16T20:49:19.000Z,2021-05-16T21:09:19.000Z
12027,2021-05-16T23:51:34.000Z,2021-05-17T00:11:34.000Z
12028,2021-05-16T17:00:49.000Z,2021-05-16T17:20:49.000Z
12029,2021-05-16T16:40:32.000Z,2021-05-16T17:00:32.000Z
12030,2021-05-16T11:11:25.000Z,2021-05-16T11:31:25.000Z
12031,2021-05-16T15:54:02.000Z,2021-05-16T16:14:02.000Z
12032,2021-05-16T15:02:07.000Z,2021-05-16T15:22:07.000Z
12033,2021-05-16T17:11:45.000Z,2021-05-16T17:31:45.000Z
12034,2021-05-16T23:01:16.000Z,2021-05-16T23:21:16.000Z
12035,2021-05-16T23:54:52.000Z,2021-05-17T00:14:52.000Z
12036,2021-05-16T17:25:09.000Z,2021-05-16T17:45:09.000Z
12037,2021-05-16T09:22:05.000Z,2021-05-16T09:42:05.000Z
12038,2021-05-16T20:44:18.000Z,2021-05-16T21:04:18.000Z
12039,2021-05-16T22:02:11.000Z,2021-05-16T22:22:11.000Z
12040,2021-05-16T20:52:07.000Z,2021-05-16T21:12:07.000Z
12041,2021-05-16T12:21:50.000Z,2021-05-16T12:41:50.000Z
12042,2021-05-16T15:02:23.000Z,2021-05-16T15:22:23.000Z
12043,2021-05-16T17:13:39.000Z,2021-05-16T17:33:39.000Z
12044,2021-05-16T23:03:56.000Z,2021-05-16T23:23:56.000Z
12045,2021-05-16T20:04:39.000Z,2021-05-16T20:24:39.000Z
12046,2021-05-16T11:45:57.000Z,2021-05-16T12:05:57.000Z
12047,2021-05-16T00:12:10.000Z,2021-05-16T00:32:10.000Z
12048,2021-05-17T15:50:57.000Z,2021-05-17T16:10:57.000Z
12049,2021-05-17T21:31:54.000Z,2021-05-17T21:51:54.000Z
12050,2021-05-17T03:29:07.000Z,2021-05-17T03:49:07.000Z
12051,2021-05-17T07:43:57.000Z,2021-05-17T08:03:57.000Z
12052,2021-05-17T04:55:06.000Z,2021-05-17T05:15:06.000Z
12053,2021-05-17T08:38:59.000Z,2021-05-17T08:58:59.000Z
12054,2021-05-17T05:54:18.000Z,2021-05-17T06:14:18.000Z
12055,2021-05-17T15:06:25.000Z,2021-05-17T15:26:25.000Z
12056,2021-05-17T00:20:35.000Z,2021-05-17T00:40:35.000Z
12057,2021-05-17T07:35:52.000Z,2021-05-17T07:55:52.000Z
12058,2021-05-17T12:07:24.000Z,2021-05-17T12:27:24.000Z
12059,2021-05-17T08:27:58.000Z,2021-05-17T08:47:58.000Z
12060,2021-05-17T01:25:31.000Z,2021-05-17T01:45:31.000Z
12061,2021-05-17T12:44:01.000Z,2021-05-17T13:04:01.000Z
12062,2021-05-17T08:24:08.000Z,2021-05-17T08:44:08.000Z
12063,2021-05-17T18:17:54.000Z,2021-05-17T18:37:54.000Z
12064,2021-05-17T07:55:25.000Z,2021-05-17T08:15:25.000Z
12065,2021-05-17T02:49:16.000Z,2021-05-17T03:09:16.000Z
12066,2021-05-17T17:14:29.000Z,2021-05-17T17:34:29.000Z
12067,2021-05-17T18:41:35.000Z,2021-05-17T19:01:35.000Z
12068,2021-05-17T12:15:56.000Z,2021-05-17T12:35:56.000Z
12069,2021-05-17T05:33:27.000Z,2021-05-17T05:53:27.000Z
12070,2021-05-17T16:08:04.000Z,2021-05-17T16:28:04.000Z
12071,2021-05-17T22:15:42.000Z,2021-05-17T22:35:42.000Z
12072,2021-05-18T22:56:37.000Z,2021-05-18T23:16:37.000Z
12073,2021-05-18T21:03:55.000Z,2021-05-18T21:23:55.000Z
12074,2021-05-18T13:21:48.000Z,2021-05-18T13:41:48.000Z
12075,2021-05-18T08:27:10.000Z,2021-05-18T08:47:10.000Z
12076,2021-05-18T05:38:40.000Z,2021-05-18T05:58:40.000Z
12077,2021-05-18T07:02:43.000Z,2021-05-18T07:22:43.000Z
12078,2021-05-18T19:39:10.000Z,2021-05-18T19:59:10.000Z
12079,2021-05-18T17:27:35.000Z,2021-05-18T17:47:35.000Z
12080,2021-05-18T13:54:56.000Z,2021-05-18T14:14:56.000Z
12081,2021-05-18T04:31:44.000Z,2021-05-18T04:51:44.000Z
12082,2021-05-18T23:58:27.000Z,2021-05-19T00:18:27.000Z
12083,2021-05-18T06:49:04.000Z,2021-05-18T07:09:04.000Z
12084,2021-05-18T10:39:33.000Z,2021-05-18T10:59:33.000Z
12085,2021-05-18T09:35:11.000Z,2021-05-18T09:55:11.000Z
12086,2021-05-18T18:03:22.000Z,2021-05-18T18:23:22.000Z
12087,2021-05-18T07:00:46.000Z,2021-05-18T07:20:46.000Z
12088,2021-05-18T01:04:16.000Z,2021-05-18T01:24:16.000Z
12089,2021-05-18T10:31:11.000Z,2021-05-18T10:51:11.000Z
12090,2021-05-18T05:36:06.000Z,2021-05-18T05:56:06.000Z
12091,2021-05-18T15:46:40.000Z,2021-05-18T16:06:40.000Z
12092,2021-05-18T15:14:06.000Z,2021-05-18T15:34:06.000Z
12093,2021-05-18T09:42:47.000Z,2021-05-18T10:02:47.000Z
12094,2021-05-18T19:54:45.000Z,2021-05-18T20:14:45.000Z
12095,2021-05-18T18:08:08.000Z,2021-05-18T18:28:08.000Z
12096,2021-05-19T13:50:08.000Z,2021-05-19T14:10:08.000Z
12097,2021-05-19T07:09:12.000Z,2021-05-19T07:29:12.000Z
12098,2021-05-19T23:11:46.000Z,2021-05-19T23:31:46.000Z
12099,2021-05-19T10:33:35.000Z,2021-05-19T10:53:35.000Z
12100,2021-05-19T12:06:09.000Z,2021-05-19T12:26:09.000Z
12101,2021-05-19T08:13:46.000Z,2021-05-19T08:33:46.000Z
12102,2021-05-19T04:31:12.000Z,2021-05-19T04:51:12.000Z
12103,2021-05-19T12:22:58.000Z,2021-05-19T12:42:58.000Z
12104,2021-05-19T05:51:21.000Z,2021-05-19T06:11:21.000Z
12105,2021-05-19T11:12:21.000Z,2021-05-19T11:32:21.000Z
12106,2021-05-19T04:59:10.000Z,2021-05-19T05:19:10.000Z
12107,2021-05-19T14:43:17.000Z,2021-05-19T15:03:17.000Z
12108,2021-05-19T00:55:49.000Z,2021-05-19T01:15:49.000Z
12109,2021-05-19T13:45:53.000Z,2021-05-19T14:05:53.000Z
12110,2021-05-19T06:05:33.000Z,2021-05-19T06:25:33.000Z
12111,2021-05-19T18:23:13.000Z,2021-05-19T18:43:13.000Z
12112,2021-05-19T02:08:30.000Z,2021-05-19T02:28:30.000Z
12113,2021-05-19T01:21:32.000Z,2021-05-19T01:41:32.000Z
12114,2021-05-19T11:32:02.000Z,2021-05-19T11:52:02.000Z
12115,2021-05-19T07:23:56.000Z,2021-05-19T07:43:56.000Z
12116,2021-05-19T22:25:46.000Z,2021-05-19T22:45:46.000Z
12117,2021-05-19T06:00:40.000Z,2021-05-19T06:20:40.000Z
12118,2021-05-19T15:08:15.000Z,2021-05-19T15:28:15.000Z
12119,2021-05-19T11:16:01.000Z,2021-05-19T11:36:01.000Z
12120,2021-05-20T10:31:16.000Z,2021-05-20T10:51:16.000Z
12121,2021-05-20T03:04:50.000Z,2021-05-20T03:24:50.000Z
12122,2021-05-20T17:23:54.000Z,2021-05-20T17:43:54.000Z
12123,2021-05-20T06:54:43.000Z,2021-05-20T07:14:43.000Z
12124,2021-05-20T11:25:37.000Z,2021-05-20T11:45:37.000Z
12125,2021-05-20T02:42:59.000Z,2021-05-20T03:02:59.000Z
12126,2021-05-20T09:23:52.000Z,2021-05-20T09:43:52.000Z
12127,2021-05-20T12:40:00.000Z,2021-05-20T13:00:00.000Z
12128,2021-05-20T12:34:11.000Z,2021-05-20T12:54:11.000Z
12129,2021-05-20T03:56:16.000Z,2021-05-20T04:16:16.000Z
12130,2021-05-20T23:54:28.000Z,2021-05-21T00:14:28.000Z
12131,2021-05-20T20:14:43.000Z,2021-05-20T20:34:43.000Z
12132,2021-05-20T12:33:51.000Z,2021-05-20T12:53:51.000Z
12133,2021-05-20T10:29:19.000Z,2021-05-20T10:49:19.000Z
12134,2021-05-20T07:00:28.000Z,2021-05-20T07:20:28.000Z
12135,2021-05-20T16:24:06.000Z,2021-05-20T16:44:06.000Z
12136,2021-05-20T22:43:23.000Z,2021-05-20T23:03:23.000Z
12137,2021-05-20T02:32:17.000Z,2021-05-20T02:52:17.000Z
12138,2021-05-20T00:24:34.000Z,2021-05-20T00:44:34.000Z
12139,2021-05-20T10:54:29.000Z,2021-05-20T11:14:29.000Z
12140,2021-05-20T11:22:25.000Z,2021-05-20T11:42:25.000Z
12141,2021-05-20T05:27:01.000Z,2021-05-20T05:47:01.000Z
12142,2021-05-20T13:40:08.000Z,2021-05-20T14:00:08.000Z
12143,2021-05-20T17:19:06.000Z,2021-05-20T17:39:06.000Z
12144,2021-05-21T18:58:39.000Z,2021-05-21T19:18:39.000Z
12145,2021-05-21T06:32:48.000Z,2021-05-21T06:52:48.000Z
12146,2021-05-21T05:08:43.000Z,2021-05-21T05:28:43.000Z
12147,2021-05-21T08:36:52.000Z,2021-05-21T08:56:52.000Z
12148,2021-05-21T16:38:46.000Z,2021-05-21T16:58:46.000Z
12149,2021-05-21T19:05:57.000Z,2021-05-21T19:25:57.000Z
12150,2021-05-21T22:25:31.000Z,2021-05-21T22:45:31.000Z
12151,2021-05-21T10:50:50.000Z,2021-05-21T11:10:50.000Z
12152,2021-05-21T16:22:57.000Z,2021-05-21T16:42:57.000Z
12153,2021-05-21T09:22:08.000Z,2021-05-21T09:42:08.000Z
12154,2021-05-21T21:20:22.000Z,2021-05-21T21:40:22.000Z
12155,2021-05-21T22:31:06.000Z,2021-05-21T22:51:06.000Z
12156,2021-05-21T06:42:24.000Z,2021-05-21T07:02:24.000Z
12157,2021-05-21T18:21:11.000Z,2021-05-21T18:41:11.000Z
12158,2021-05-21T13:35:30.000Z,2021-05-21T13:55:30.000Z
12159,2021-05-21T12:41:06.000Z,2021-05-21T13:01:06.000Z
12160,2021-05-21T02:43:53.000Z,2021-05-21T03:03:53.000Z
12161,2021-05-21T04:37:22.000Z,2021-05-21T04:57:22.000Z
12162,2021-05-21T22:34:03.000Z,2021-05-21T22:54:03.000Z
12163,2021-05-21T00:57:40.000Z,2021-05-21T01:17:40.000Z
12164,2021-05-21T18:30:16.000Z,2021-05-21T18:50:16.000Z
12165,2021-05-21T08:37:52.000Z,2021-05-21T08:57:52.000Z
12166,2021-05-21T11:09:49.000Z,2021-05-21T11:29:49.000Z
12167,2021-05-21T16:03:06.000Z,2021-05-21T16:23:06.000Z
12168,2021-05-22T13:27:20.000Z,2021-05-22T13:47:20.000Z
12169,2021-05-22T09:43:05.000Z,2021-05-22T10:03:05.000Z
12170,2021-05-22T11:23:15.000Z,2021-05-22T11:43:15.000Z
12171,2021-05-22T19:34:41.000Z,2021-05-22T19:54:41.000Z
12172,2021-05-22T10:00:51.000Z,2021-05-22T10:20:51.000Z
12173,2021-05-22T05:00:20.000Z,2021-05-22T05:20:20.000Z
12174,2021-05-22T12:43:43.000Z,2021-05-22T13:03:43.000Z
12175,2021-05-22T01:56:59.000Z,2021-05-22T02:16:59.000Z
12176,2021-05-22T14:49:25.000Z,2021-05-22T15:09:25.000Z
12177,2021-05-22T16:50:55.000Z,2021-05-22T17:10:55.000Z
12178,2021-05-22T13:48:52.000Z,2021-05-22T14:08:52.000Z
12179,2021-05-22T12:31:46.000Z,2021-05-22T12:51:46.000Z
12180,2021-05-22T23:56:19.000Z,2021-05-23T00:16:19.000Z
12181,2021-05-22T17:34:04.000Z,2021-05-22T17:54:04.000Z
12182,2021-05-22T06:11:57.000Z,2021-05-22T06:31:57.000Z
12183,2021-05-22T08:04:23.000Z,2021-05-22T08:24:23.000Z
12184,2021-05-22T19:45:16.000Z,2021-05-22T20:05:16.000Z
12185,2021-05-22T16:41:49.000Z,2021-05-22T17:01:49.000Z
12186,2021-05-22T03:07:51.000Z,2021-05-22T03:27:51.000Z
12187,2021-05-22T03:48:18.000Z,2021-05-22T04:08:18.000Z
12188,2021-05-22T15:58:47.000Z,2021-05-22T16:18:47.000Z
12189,2021-05-22T15:59:45.000Z,2021-05-22T16:19:45.000Z
12190,2021-05-22T18:35:26.000Z,2021-05-22T18:55:26.000Z
12191,2021-05-22T23:43:28.000Z,2021-05-23T00:03:28.000Z
12192,2021-05-23T05:27:29.000Z,2021-05-23T05:47:29.000Z
12193,2021-05-23T08:16:25.000Z,2021-05-23T08:36:25.000Z
12194,2021-05-23T15:27:27.000Z,2021-05-23T15:47:27.000Z
12195,2021-05-23T15:10:56.000Z,2021-05-23T15:30:56.000Z
12196,2021-05-23T23:24:00.000Z,2021-05-23T23:44:00.000Z
12197,2021-05-23T08:06:36.000Z,2021-05-23T08:26:36.000Z
12198,2021-05-23T04:57:37.000Z,2021-05-23T05:17:37.000Z
12199,2021-05-23T05:19:03.000Z,2021-05-23T05:39:03.000Z
12200,2021-05-23T20:35:46.000Z,2021-05-23T20:55:46.000Z
12201,2021-05-23T08:15:39.000Z,2021-05-23T08:35:39.000Z
12202,2021-05-23T08:41:17.000Z,2021-05-23T09:01:17.000Z
12203,2021-05-23T13:11:20.000Z,2021-05-23T13:31:20.000Z
12204,2021-05-23T09:03:05.000Z,2021-05-23T09:23:05.000Z
12205,2021-05-23T20:53:01.000Z,2021-05-23T21:13:01.000Z
12206,2021-05-23T08:25:23.000Z,2021-05-23T08:45:23.000Z
12207,2021-05-23T22:40:21.000Z,2021-05-23T23:00:21.000Z
12208,2021-05-23T16:41:17.000Z,2021-05-23T17:01:17.000Z
12209,2021-05-23T06:30:01.000Z,2021-05-23T06:50:01.000Z
12210,2021-05-23T09:19:24.000Z,2021-05-23T09:39:24.000Z
12211,2021-05-23T23:23:57.000Z,2021-05-23T23:43:57.000Z
12212,2021-05-23T01:47:40.000Z,2021-05-23T02:07:40.000Z
12213,2021-05-23T04:38:16.000Z,2021-05-23T04:58:16.000Z
12214,2021-05-23T07:53:57.000Z,2021-05-23T08:13:57.000Z
12215,2021-05-23T16:41:02.000Z,2021-05-23T17:01:02.000Z
12216,2021-05-24T18:26:50.000Z,2021-05-24T18:46:50.000Z
12217,2021-05-24T07:04:01.000Z,2021-05-24T07:24:01.000Z
12218,2021-05-24T04:26:14.000Z,2021-05-24T04:46:14.000Z
12219,2021-05-24T03:53:34.000Z,2021-05-24T04:13:34.000Z
12220,2021-05-24T20:45:29.000Z,2021-05-24T21:05:29.000Z
12221,2021-05-24T18:20:25.000Z,2021-05-24T18:40:25.000Z
12222,2021-05-24T20:14:18.000Z,2021-05-24T20:34:18.000Z
12223,2021-05-24T03:42:36.000Z,2021-05-24T04:02:36.000Z
12224,2021-05-24T19:11:52.000Z,2021-05-24T19:31:52.000Z
12225,2021-05-24T12:15:41.000Z,2021-05-24T12:35:41.000Z
12226,2021-05-24T18:54:11.000Z,2021-05-24T19:14:11.000Z
12227,2021-05-24T01:23:35.000Z,2021-05-24T01:43:35.000Z
12228,2021-05-24T12:47:58.000Z,2021-05-24T13:07:58.000Z
12229,2021-05-24T08:47:20.000Z,2021-05-24T09:07:20.000Z
12230,2021-05-24T00:43:59.000Z,2021-05-24T01:03:59.000Z
12231,2021-05-24T06:07:06.000Z,2021-05-24T06:27:06.000Z
12232,2021-05-24T03:30:21.000Z,2021-05-24T03:50:21.000Z
12233,2021-05-24T11:00:23.000Z,2021-05-24T11:20:23.000Z
12234,2021-05-24T12:52:13.000Z,2021-05-24T13:12:13.000Z
12235,2021-05-24T13:22:27.000Z,2021-05-24T13:42:27.000Z
12236,2021-05-24T19:34:22.000Z,2021-05-24T19:54:22.000Z
12237,2021-05-24T22:58:44.000Z,2021-05-24T23:18:44.000Z
12238,2021-05-24T13:13:55.000Z,2021-05-24T13:33:55.000Z
12239,2021-05-24T01:50:29.000Z,2021-05-24T02:10:29.000Z
12240,2021-05-25T02:13:06.000Z,2021-05-25T02:33:06.000Z
12241,2021-05-25T21:25:00.000Z,2021-05-25T21:45:00.000Z
12242,2021-05-25T04:53:10.000Z,2021-05-25T05:13:10.000Z
12243,2021-05-25T10:27:32.000Z,2021-05-25T10:47:32.000Z
12244,2021-05-25T14:10:52.000Z,2021-05-25T14:30:52.000Z
12245,2021-05-25T00:27:12.000Z,2021-05-25T00:47:12.000Z
12246,2021-05-25T10:57:54.000Z,2021-05-25T11:17:54.000Z
12247,2021-05-25T16:35:37.000Z,2021-05-25T16:55:37.000Z
12248,2021-05-25T14:46:31.000Z,2021-05-25T15:06:31.000Z
12249,2021-05-25T20:29:39.000Z,2021-05-25T20:49:39.000Z
12250,2021-05-25T11:26:03.000Z,2021-05-25T11:46:03.000Z
12251,2021-05-25T06:28:13.000Z,2021-05-25T06:48:13.000Z
12252,2021-05-25T19:25:02.000Z,2021-05-25T19:45:02.000Z
12253,2021-05-25T05:28:54.000Z,2021-05-25T05:48:54.000Z
12254,2021-05-25T15:10:20.000Z,2021-05-25T15:30:20.000Z
12255,2021-05-25T16:31:38.000Z,2021-05-25T16:51:38.000Z
12256,2021-05-25T18:02:37.000Z,2021-05-25T18:22:37.000Z
12257,2021-05-25T08:06:51.000Z,2021-05-25T08:26:51.000Z
12258,2021-05-25T00:36:25.000Z,2021-05-25T00:56:25.000Z
12259,2021-05-25T14:33:56.000Z,2021-05-25T14:53:56.000Z
12260,2021-05-25T14:02:13.000Z,2021-05-25T14:22:13.000Z
12261,2021-05-25T08:20:07.000Z,2021-05-25T08:40:07.000Z
12262,2021-05-25T16:59:30.000Z,2021-05-25T17:19:30.000Z
12263,2021-05-25T18:57:13.000Z,2021-05-25T19:17:13.000Z
12264,2021-05-26T09:21:46.000Z,2021-05-26T09:41:46.000Z
12265,2021-05-26T07:53:34.000Z,2021-05-26T08:13:34.000Z
12266,2021-05-26T11:48:19.000Z,2021-05-26T12:08:19.000Z
12267,2021-05-26T07:32:39.000Z,2021-05-26T07:52:39.000Z
12268,2021-05-26T08:16:53.000Z,2021-05-26T08:36:53.000Z
12269,2021-05-26T08:01:30.000Z,2021-05-26T08:21:30.000Z
12270,2021-05-26T12:03:39.000Z,2021-05-26T12:23:39.000Z
12271,2021-05-26T03:46:18.000Z,2021-05-26T04:06:18.000Z
12272,2021-05-26T02:12:17.000Z,2021-05-26T02:32:17.000Z
12273,2021-05-26T23:30:54.000Z,2021-05-26T23:50:54.000Z
12274,2021-05-26T21:28:14.000Z,2021-05-26T21:48:14.000Z
12275,2021-05-26T15:55:38.000Z,2021-05-26T16:15:38.000Z
12276,2021-05-26T12:35:09.000Z,2021-05-26T12:55:09.000Z
12277,2021-05-26T09:22:57.000Z,2021-05-26T09:42:57.000Z
12278,2021-05-26T11:04:19.000Z,2021-05-26T11:24:19.000Z
12279,2021-05-26T20:20:39.000Z,2021-05-26T20:40:39.000Z
12280,2021-05-26T00:24:25.000Z,2021-05-26T00:44:25.000Z
12281,2021-05-26T06:55:07.000Z,2021-05-26T07:15:07.000Z
12282,2021-05-26T14:57:43.000Z,2021-05-26T15:17:43.000Z
12283,2021-05-26T05:08:33.000Z,2021-05-26T05:28:33.000Z
12284,2021-05-26T06:36:11.000Z,2021-05-26T06:56:11.000Z
12285,2021-05-26T19:05:17.000Z,2021-05-26T19:25:17.000Z
12286,2021-05-26T11:21:23.000Z,2021-05-26T11:41:23.000Z
12287,2021-05-26T23:25:44.000Z,2021-05-26T23:45:44.000Z
12288,2021-05-27T08:49:05.000Z,2021-05-27T09:09:05.000Z
12289,2021-05-27T21:42:36.000Z,2021-05-27T22:02:36.000Z
12290,2021-05-27T04:12:17.000Z,2021-05-27T04:32:17.000Z
12291,2021-05-27T00:43:42.000Z,2021-05-27T01:03:42.000Z
12292,2021-05-27T13:53:12.000Z,2021-05-27T14:13:12.000Z
12293,2021-05-27T05:38:17.000Z,2021-05-27T05:58:17.000Z
12294,2021-05-27T22:49:13.000Z,2021-05-27T23:09:13.000Z
12295,2021-05-27T07:17:23.000Z,2021-05-27T07:37:23.000Z
12296,2021-05-27T23:24:33.000Z,2021-05-27T23:44:33.000Z
12297,2021-05-27T13:35:13.000Z,2021-05-27T13:55:13.000Z
12298,2021-05-27T04:59:39.000Z,2021-05-27T05:19:39.000Z
12299,2021-05-27T09:28:59.000Z,2021-05-27T09:48:59.000Z
12300,2021-05-27T08:58:10.000Z,2021-05-27T09:18:10.000Z
12301,2021-05-27T23:59:54.000Z,2021-05-28T00:19:54.000Z
12302,2021-05-27T03:03:50.000Z,2021-05-27T03:23:50.000Z
12303,2021-05-27T23:10:13.000Z,2021-05-27T23:30:13.000Z
12304,2021-05-27T11:22:17.000Z,2021-05-27T11:42:17.000Z
12305,2021-05-27T23:33:08.000Z,2021-05-27T23:53:08.000Z
12306,2021-05-27T16:02:52.000Z,2021-05-27T16:22:52.000Z
12307,2021-05-27T04:14:24.000Z,2021-05-27T04:34:24.000Z
12308,2021-05-27T09:26:48.000Z,2021-05-27T09:46:48.000Z
12309,2021-05-27T12:15:18.000Z,2021-05-27T12:35:18.000Z
12310,2021-05-27T08:21:24.000Z,2021-05-27T08:41:24.000Z
12311,2021-05-27T21:54:52.000Z,2021-05-27T22:14:52.000Z
12312,2021-05-28T17:30:35.000Z,2021-05-28T17:50:35.000Z
12313,2021-05-28T12:03:09.000Z,2021-05-28T12:23:09.000Z
12314,2021-05-28T13:00:18.000Z,2021-05-28T13:20:18.000Z
12315,2021-05-28T03:26:03.000Z,2021-05-28T03:46:03.000Z
12316,2021-05-28T01:23:56.000Z,2021-05-28T01:43:56.000Z
12317,2021-05-28T12:14:06.000Z,2021-05-28T12:34:06.000Z
12318,2021-05-28T01:46:35.000Z,2021-05-28T02:06:35.000Z
12319,2021-05-28T18:41:05.000Z,2021-05-28T19:01:05.000Z
12320,2021-05-28T21:25:02.000Z,2021-05-28T21:45:02.000Z
12321,2021-05-28T15:44:51.000Z,2021-05-28T16:04:51.000Z
12322,2021-05-28T17:44:13.000Z,2021-05-28T18:04:13.000Z
12323,2021-05-28T09:55:33.000Z,2021-05-28T10:15:33.000Z
12324,2021-05-28T14:26:14.000Z,2021-05-28T14:46:14.000Z
12325,2021-05-28T03:48:23.000Z,2021-05-28T04:08:23.000Z
12326,2021-05-28T15:26:07.000Z,2021-05-28T15:46:07.000Z
12327,2021-05-28T13:00:38.000Z,2021-05-28T13:20:38.000Z
12328,2021-05-28T03:03:38.000Z,2021-05-28T03:23:38.000Z
12329,2021-05-28T03:23:00.000Z,2021-05-28T03:43:00.000Z
12330,2021-05-28T08:25:11.000Z,2021-05-28T08:45:11.000Z
12331,2021-05-28T16:34:15.000Z,2021-05-28T16:54:15.000Z
12332,2021-05-28T10:56:08.000Z,2021-05-28T11:16:08.000Z
12333,2021-05-28T01:57:17.000Z,2021-05-28T02:17:17.000Z
12334,2021-05-28T13:32:44.000Z,2021-05-28T13:52:44.000Z
12335,2021-05-28T01:08:45.000Z,2021-05-28T01:28:45.000Z
12336,2021-05-29T14:37:30.000Z,2021-05-29T14:57:30.000Z
12337,2021-05-29T06:20:40.000Z,2021-05-29T06:40:40.000Z
12338,2021-05-29T13:19:17.000Z,2021-05-29T13:39:17.000Z
12339,2021-05-29T16:02:18.000Z,2021-05-29T16:22:18.000Z
12340,2021-05-29T10:13:42.000Z,2021-05-29T10:33:42.000Z
12341,2021-05-29T21:26:31.000Z,2021-05-29T21:46:31.000Z
12342,2021-05-29T22:46:43.000Z,2021-05-29T23:06:43.000Z
12343,2021-05-29T17:11:27.000Z,2021-05-29T17:31:27.000Z
12344,2021-05-29T14:04:03.000Z,2021-05-29T14:24:03.000Z
12345,2021-05-29T06:07:26.000Z,2021-05-29T06:27:26.000Z
12346,2021-05-29T15:44:32.000Z,2021-05-29T16:04:32.000Z
12347,2021-05-29T01:12:18.000Z,2021-05-29T01:32:18.000Z
12348,2021-05-29T07:29:14.000Z,2021-05-29T07:49:14.000Z
12349,2021-05-29T02:42:26.000Z,2021-05-29T03:02:26.000Z
12350,2021-05-29T05:21:13.000Z,2021-05-29T05:41:13.000Z
12351,2021-05-29T16:51:26.000Z,2021-05-29T17:11:26.000Z
12352,2021-05-29T20:53:16.000Z,2021-05-29T21:13:16.000Z
12353,2021-05-29T12:24:59.000Z,2021-05-29T12:44:59.000Z
12354,2021-05-29T20:16:25.000Z,2021-05-29T20:36:25.000Z
12355,2021-05-29T18:08:00.000Z,2021-05-29T18:28:00.000Z
12356,2021-05-29T16:11:12.000Z,2021-05-29T16:31:12.000Z
12357,2021-05-29T12:42:58.000Z,2021-05-29T13:02:58.000Z
12358,2021-05-29T22:50:58.000Z,2021-05-29T23:10:58.000Z
12359,2021-05-29T19:01:02.000Z,2021-05-29T19:21:02.000Z
12360,2021-05-30T01:57:56.000Z,2021-05-30T02:17:56.000Z
12361,2021-05-30T12:57:31.000Z,2021-05-30T13:17:31.000Z
12362,2021-05-30T04:09:34.000Z,2021-05-30T04:29:34.000Z
12363,2021-05-30T11:55:23.000Z,2021-05-30T12:15:23.000Z
12364,2021-05-30T11:36:27.000Z,2021-05-30T11:56:27.000Z
12365,2021-05-30T02:03:22.000Z,2021-05-30T02:23:22.000Z
12366,2021-05-30T03:21:24.000Z,2021-05-30T03:41:24.000Z
12367,2021-05-30T13:51:12.000Z,2021-05-30T14:11:12.000Z
12368,2021-05-30T13:51:45.000Z,2021-05-30T14:11:45.000Z
12369,2021-05-30T11:25:35.000Z,2021-05-30T11:45:35.000Z
12370,2021-05-30T16:17:42.000Z,2021-05-30T16:37:42.000Z
12371,2021-05-30T18:57:21.000Z,2021-05-30T19:17:21.000Z
12372,2021-05-30T20:59:41.000Z,2021-05-30T21:19:41.000Z
12373,2021-05-30T15:44:22.000Z,2021-05-30T16:04:22.000Z
12374,2021-05-30T12:58:23.000Z,2021-05-30T13:18:23.000Z
12375,2021-05-30T05:12:45.000Z,2021-05-30T05:32:45.000Z
12376,2021-05-30T01:00:27.000Z,2021-05-30T01:20:27.000Z
12377,2021-05-30T23:11:48.000Z,2021-05-30T23:31:48.000Z
12378,2021-05-30T06:03:19.000Z,2021-05-30T06:23:19.000Z
12379,2021-05-30T18:15:22.000Z,2021-05-30T18:35:22.000Z
12380,2021-05-30T21:44:21.000Z,2021-05-30T22:04:21.000Z
12381,2021-05-30T22:36:23.000Z,2021-05-30T22:56:23.000Z
12382,2021-05-30T20:06:30.000Z,2021-05-30T20:26:30.000Z
12383,2021-05-30T22:49:19.000Z,2021-05-30T23:09:19.000Z
12384,2021-05-31T07:25:32.000Z,2021-05-31T07:45:32.000Z
12385,2021-05-31T00:51:30.000Z,2021-05-31T01:11:30.000Z
12386,2021-05-31T01:38:46.000Z,2021-05-31T01:58:46.000Z
12387,2021-05-31T03:24:25.000Z,2021-05-31T03:44:25.000Z
12388,2021-05-31T23:04:18.000Z,2021-05-31T23:24:18.000Z
12389,2021-05-31T03:45:28.000Z,2021-05-31T04:05:28.000Z
12390,2021-05-31T07:49:19.000Z,2021-05-31T08:09:19.000Z
12391,2021-05-31T02:17:27.000Z,2021-05-31T02:37:27.000Z
12392,2021-05-31T09:21:08.000Z,2021-05-31T09:41:08.000Z
12393,2021-05-31T04:11:43.000Z,2021-05-31T04:31:43.000Z
12394,2021-05-31T21:10:21.000Z,2021-05-31T21:30:21.000Z
12395,2021-05-31T12:56:35.000Z,2021-05-31T13:16:35.000Z
12396,2021-05-31T07:11:43.000Z,2021-05-31T07:31:43.000Z
12397,2021-05-31T10:58:47.000Z,2021-05-31T11:18:47.000Z
12398,2021-05-31T03:06:07.000Z,2021-05-31T03:26:07.000Z
12399,2021-05-31T23:01:04.000Z,2021-05-31T23:21:04.000Z
12400,2021-05-31T12:16:19.000Z,2021-05-31T12:36:19.000Z
12401,2021-05-31T10:06:55.000Z,2021-05-31T10:26:55.000Z
12402,2021-05-31T19:55:50.000Z,2021-05-31T20:15:50.000Z
12403,2021-05-31T05:42:31.000Z,2021-05-31T06:02:31.000Z
12404,2021-05-31T00:12:24.000Z,2021-05-31T00:32:24.000Z
12405,2021-05-31T01:28:18.000Z,2021-05-31T01:48:18.000Z
12406,2021-05-31T03:30:52.000Z,2021-05-31T03:50:52.000Z
12407,2021-05-31T04:33:50.000Z,2021-05-31T04:53:50.000Z
12408,2021-06-01T22:03:46.000Z,2021-06-01T22:23:46.000Z
12409,2021-06-01T20:02:15.000Z,2021-06-01T20:22:15.000Z
12410,2021-06-01T13:24:31.000Z,2021-06-01T13:44:31.000Z
12411,2021-06-01T02:56:05.000Z,2021-06-01T03:16:05.000Z
12412,2021-06-01T21:56:24.000Z,2021-06-01T22:16:24.000Z
12413,2021-06-01T15:59:41.000Z,2021-06-01T16:19:41.000Z
12414,2021-06-01T11:51:57.000Z,2021-06-01T12:11:57.000Z
12415,2021-06-01T18:27:29.000Z,2021-06-01T18:47:29.000Z
12416,2021-06-01T08:33:00.000Z,2021-06-01T08:53:00.000Z
12417,2021-06-01T02:57:41.000Z,2021-06-01T03:17:41.000Z
12418,2021-06-01T15:37:25.000Z,2021-06-01T15:57:25.000Z
12419,2021-06-01T12:41:35.000Z,2021-06-01T13:01:35.000Z
12420,2021-06-01T08:10:24.000Z,2021-06-01T08:30:24.000Z
12421,2021-06-01T02:49:53.000Z,2021-06-01T03:09:53.000Z
12422,2021-06-01T12:25:37.000Z,2021-06-01T12:45:37.000Z
12423,2021-06-01T10:30:29.000Z,2021-06-01T10:50:29.000Z
12424,2021-06-01T16:58:32.000Z,2021-06-01T17:18:32.000Z
12425,2021-06-01T14:56:14.000Z,2021-06-01T15:16:14.000Z
12426,2021-06-01T02:54:11.000Z,2021-06-01T03:14:11.000Z
12427,2021-06-01T18:09:19.000Z,2021-06-01T18:29:19.000Z
12428,2021-06-01T21:08:04.000Z,2021-06-01T21:28:04.000Z
12429,2021-06-01T11:09:17.000Z,2021-06-01T11:29:17.000Z
12430,2021-06-01T20:18:27.000Z,2021-06-01T20:38:27.000Z
12431,2021-06-01T02:26:30.000Z,2021-06-01T02:46:30.000Z
12432,2021-06-02T14:54:48.000Z,2021-06-02T15:14:48.000Z
12433,2021-06-02T11:16:25.000Z,2021-06-02T11:36:25.000Z
12434,2021-06-02T03:29:59.000Z,2021-06-02T03:49:59.000Z
12435,2021-06-02T09:55:56.000Z,2021-06-02T10:15:56.000Z
12436,2021-06-02T22:40:42.000Z,2021-06-02T23:00:42.000Z
12437,2021-06-02T23:46:11.000Z,2021-06-03T00:06:11.000Z
12438,2021-06-02T06:15:23.000Z,2021-06-02T06:35:23.000Z
12439,2021-06-02T10:40:12.000Z,2021-06-02T11:00:12.000Z
12440,2021-06-02T09:21:21.000Z,2021-06-02T09:41:21.000Z
12441,2021-06-02T02:09:14.000Z,2021-06-02T02:29:14.000Z
12442,2021-06-02T15:00:27.000Z,2021-06-02T15:20:27.000Z
12443,2021-06-02T02:51:45.000Z,2021-06-02T03:11:45.000Z
12444,2021-06-02T17:29:47.000Z,2021-06-02T17:49:47.000Z
12445,2021-06-02T05:25:08.000Z,2021-06-02T05:45:08.000Z
12446,2021-06-02T15:20:19.000Z,2021-06-02T15:40:19.000Z
12447,2021-06-02T23:45:39.000Z,2021-06-03T00:05:39.000Z
12448,2021-06-02T21:19:24.000Z,2021-06-02T21:39:24.000Z
12449,2021-06-02T04:16:41.000Z,2021-06-02T04:36:41.000Z
12450,2021-06-02T08:17:54.000Z,2021-06-02T08:37:54.000Z
12451,2021-06-02T05:12:27.000Z,2021-06-02T05:32:27.000Z
12452,2021-06-02T03:18:06.000Z,2021-06-02T03:38:06.000Z
12453,2021-06-02T16:56:57.000Z,2021-06-02T17:16:57.000Z
12454,2021-06-02T21:48:34.000Z,2021-06-02T22:08:34.000Z
12455,2021-06-02T08:56:39.000Z,2021-06-02T09:16:39.000Z
12456,2021-06-03T09:27:43.000Z,2021-06-03T09:47:43.000Z
12457,2021-06-03T02:25:21.000Z,2021-06-03T02:45:21.000Z
12458,2021-06-03T01:37:24.000Z,2021-06-03T01:57:24.000Z
12459,2021-06-03T01:49:21.000Z,2021-06-03T02:09:21.000Z
12460,2021-06-03T22:27:24.000Z,2021-06-03T22:47:24.000Z
12461,2021-06-03T11:01:43.000Z,2021-06-03T11:21:43.000Z
12462,2021-06-03T14:53:49.000Z,2021-06-03T15:13:49.000Z
12463,2021-06-03T22:46:10.000Z,2021-06-03T23:06:10.000Z
12464,2021-06-03T14:05:39.000Z,2021-06-03T14:25:39.000Z
12465,2021-06-03T16:35:13.000Z,2021-06-03T16:55:13.000Z
12466,2021-06-03T17:34:53.000Z,2021-06-03T17:54:53.000Z
12467,2021-06-03T07:32:11.000Z,2021-06-03T07:52:11.000Z
12468,2021-06-03T16:30:58.000Z,2021-06-03T16:50:58.000Z
12469,2021-06-03T19:54:27.000Z,2021-06-03T20:14:27.000Z
12470,2021-06-03T01:34:32.000Z,2021-06-03T01:54:32.000Z
12471,2021-06-03T11:23:52.000Z,2021-06-03T11:43:52.000Z
12472,2021-06-03T05:11:00.000Z,2021-06-03T05:31:00.000Z
12473,2021-06-03T02:17:41.000Z,2021-06-03T02:37:41.000Z
12474,2021-06-03T16:07:33.000Z,2021-06-03T16:27:33.000Z
12475,2021-06-03T06:26:24.000Z,2021-06-03T06:46:24.000Z
12476,2021-06-03T02:36:39.000Z,2021-06-03T02:56:39.000Z
12477,2021-06-03T09:03:03.000Z,2021-06-03T09:23:03.000Z
12478,2021-06-03T13:28:34.000Z,2021-06-03T13:48:34.000Z
12479,2021-06-03T12:51:56.000Z,2021-06-03T13:11:56.000Z
12480,2021-06-04T20:47:05.000Z,2021-06-04T21:07:05.000Z
12481,2021-06-04T13:10:11.000Z,2021-06-04T13:30:11.000Z
12482,2021-06-04T20:53:05.000Z,2021-06-04T21:13:05.000Z
12483,2021-06-04T09:46:16.000Z,2021-06-04T10:06:16.000Z
12484,2021-06-04T20:07:51.000Z,2021-06-04T20:27:51.000Z
12485,2021-06-04T09:25:15.000Z,2021-06-04T09:45:15.000Z
12486,2021-06-04T15:53:37.000Z,2021-06-04T16:13:37.000Z
12487,2021-06-04T06:08:01.000Z,2021-06-04T06:28:01.000Z
12488,2021-06-04T09:01:32.000Z,2021-06-04T09:21:32.000Z
12489,2021-06-04T04:20:49.000Z,2021-06-04T04:40:49.000Z
12490,2021-06-04T04:20:47.000Z,2021-06-04T04:40:47.000Z
12491,2021-06-04T05:29:00.000Z,2021-06-04T05:49:00.000Z
12492,2021-06-04T10:05:54.000Z,2021-06-04T10:25:54.000Z
12493,2021-06-04T04:28:00.000Z,2021-06-04T04:48:00.000Z
12494,2021-06-04T16:58:17.000Z,2021-06-04T17:18:17.000Z
12495,2021-06-04T05:17:57.000Z,2021-06-04T05:37:57.000Z
12496,2021-06-04T07:17:13.000Z,2021-06-04T07:37:13.000Z
12497,2021-06-04T13:40:52.000Z,2021-06-04T14:00:52.000Z
12498,2021-06-04T13:15:02.000Z,2021-06-04T13:35:02.000Z
12499,2021-06-04T00:39:53.000Z,2021-06-04T00:59:53.000Z
12500,2021-06-04T10:40:14.000Z,2021-06-04T11:00:14.000Z
12501,2021-06-04T21:38:07.000Z,2021-06-04T21:58:07.000Z
12502,2021-06-04T16:55:48.000Z,2021-06-04T17:15:48.000Z
12503,2021-06-04T12:17:24.000Z,2021-06-04T12:37:24.000Z
12504,2021-06-05T09:00:44.000Z,2021-06-05T09:20:44.000Z
12505,2021-06-05T14:48:05.000Z,2021-06-05T15:08:05.000Z
12506,2021-06-05T18:32:21.000Z,2021-06-05T18:52:21.000Z
12507,2021-06-05T22:27:28.000Z,2021-06-05T22:47:28.000Z
12508,2021-06-05T21:21:05.000Z,2021-06-05T21:41:05.000Z
12509,2021-06-05T23:56:23.000Z,2021-06-06T00:16:23.000Z
12510,2021-06-05T10:11:53.000Z,2021-06-05T10:31:53.000Z
12511,2021-06-05T18:21:24.000Z,2021-06-05T18:41:24.000Z
12512,2021-06-05T05:13:19.000Z,2021-06-05T05:33:19.000Z
12513,2021-06-05T19:58:35.000Z,2021-06-05T20:18:35.000Z
12514,2021-06-05T17:25:36.000Z,2021-06-05T17:45:36.000Z
12515,2021-06-05T08:46:34.000Z,2021-06-05T09:06:34.000Z
12516,2021-06-05T01:22:50.000Z,2021-06-05T01:42:50.000Z
12517,2021-06-05T16:28:51.000Z,2021-06-05T16:48:51.000Z
12518,2021-06-05T16:54:49.000Z,2021-06-05T17:14:49.000Z
12519,2021-06-05T23:01:11.000Z,2021-06-05T23:21:11.000Z
12520,2021-06-05T00:15:24.000Z,2021-06-05T00:35:24.000Z
12521,2021-06-05T21:00:44.000Z,2021-06-05T21:20:44.000Z
12522,2021-06-05T03:12:49.000Z,2021-06-05T03:32:49.000Z
12523,2021-06-05T15:00:52.000Z,2021-06-05T15:20:52.000Z
12524,2021-06-05T06:37:17.000Z,2021-06-05T06:57:17.000Z
12525,2021-06-05T04:50:11.000Z,2021-06-05T05:10:11.000Z
12526,2021-06-05T05:18:01.000Z,2021-06-05T05:38:01.000Z
12527,2021-06-05T11:53:37.000Z,2021-06-05T12:13:37.000Z
12528,2021-06-06T10:13:07.000Z,2021-06-06T10:33:07.000Z
12529,2021-06-06T04:41:32.000Z,2021-06-06T05:01:32.000Z
12530,2021-06-06T21:59:32.000Z,2021-06-06T22:19:32.000Z
12531,2021-06-06T00:36:43.000Z,2021-06-06T00:56:43.000Z
12532,2021-06-06T14:09:53.000Z,2021-06-06T14:29:53.000Z
12533,2021-06-06T22:31:35.000Z,2021-06-06T22:51:35.000Z
12534,2021-06-06T23:02:26.000Z,2021-06-06T23:22:26.000Z
12535,2021-06-06T17:25:06.000Z,2021-06-06T17:45:06.000Z
12536,2021-06-06T19:39:49.000Z,2021-06-06T19:59:49.000Z
12537,2021-06-06T17:34:50.000Z,2021-06-06T17:54:50.000Z
12538,2021-06-06T10:43:21.000Z,2021-06-06T11:03:21.000Z
12539,2021-06-06T04:51:57.000Z,2021-06-06T05:11:57.000Z
12540,2021-06-06T11:26:14.000Z,2021-06-06T11:46:14.000Z
12541,2021-06-06T23:47:26.000Z,2021-06-07T00:07:26.000Z
12542,2021-06-06T17:27:16.000Z,2021-06-06T17:47:16.000Z
12543,2021-06-06T15:04:24.000Z,2021-06-06T15:24:24.000Z
12544,2021-06-06T09:16:29.000Z,2021-06-06T09:36:29.000Z
12545,2021-06-06T21:16:14.000Z,2021-06-06T21:36:14.000Z
12546,2021-06-06T19:33:49.000Z,2021-06-06T19:53:49.000Z
12547,2021-06-06T02:18:13.000Z,2021-06-06T02:38:13.000Z
12548,2021-06-06T22:20:09.000Z,2021-06-06T22:40:09.000Z
12549,2021-06-06T18:27:51.000Z,2021-06-06T18:47:51.000Z
12550,2021-06-06T04:31:49.000Z,2021-06-06T04:51:49.000Z
12551,2021-06-06T15:36:45.000Z,2021-06-06T15:56:45.000Z
12552,2021-06-07T11:24:00.000Z,2021-06-07T11:44:00.000Z
12553,2021-06-07T20:45:21.000Z,2021-06-07T21:05:21.000Z
12554,2021-06-07T02:05:02.000Z,2021-06-07T02:25:02.000Z
12555,2021-06-07T06:40:48.000Z,2021-06-07T07:00:48.000Z
12556,2021-06-07T13:33:20.000Z,2021-06-07T13:53:20.000Z
12557,2021-06-07T01:14:41.000Z,2021-06-07T01:34:41.000Z
12558,2021-06-07T15:25:30.000Z,2021-06-07T15:45:30.000Z
12559,2021-06-07T20:13:35.000Z,2021-06-07T20:33:35.000Z
12560,2021-06-07T01:53:47.000Z,2021-06-07T02:13:47.000Z
12561,2021-06-07T16:00:42.000Z,2021-06-07T16:20:42.000Z
12562,2021-06-07T12:19:52.000Z,2021-06-07T12:39:52.000Z
12563,2021-06-07T02:30:37.000Z,2021-06-07T02:50:37.000Z
12564,2021-06-07T07:49:19.000Z,2021-06-07T08:09:19.000Z
12565,2021-06-07T11:10:19.000Z,2021-06-07T11:30:19.000Z
12566,2021-06-07T23:48:37.000Z,2021-06-08T00:08:37.000Z
12567,2021-06-07T06:30:55.000Z,2021-06-07T06:50:55.000Z
12568,2021-06-07T08:47:34.000Z,2021-06-07T09:07:34.000Z
12569,2021-06-07T21:15:49.000Z,2021-06-07T21:35:49.000Z
12570,2021-06-07T04:51:12.000Z,2021-06-07T05:11:12.000Z
12571,2021-06-07T12:17:38.000Z,2021-06-07T12:37:38.000Z
12572,2021-06-07T20:38:21.000Z,2021-06-07T20:58:21.000Z
12573,2021-06-07T04:59:31.000Z,2021-06-07T05:19:31.000Z
12574,2021-06-07T02:27:49.000Z,2021-06-07T02:47:49.000Z
12575,2021-06-07T17:29:28.000Z,2021-06-07T17:49:28.000Z
12576,2021-06-08T19:28:24.000Z,2021-06-08T19:48:24.000Z
12577,2021-06-08T12:52:27.000Z,2021-06-08T13:12:27.000Z
12578,2021-06-08T14:29:18.000Z,2021-06-08T14:49:18.000Z
12579,2021-06-08T05:08:22.000Z,2021-06-08T05:28:22.000Z
12580,2021-06-08T13:22:42.000Z,2021-06-08T13:42:42.000Z
12581,2021-06-08T13:23:15.000Z,2021-06-08T13:43:15.000Z
12582,2021-06-08T23:00:28.000Z,2021-06-08T23:20:28.000Z
12583,2021-06-08T08:47:45.000Z,2021-06-08T09:07:45.000Z
12584,2021-06-08T00:06:44.000Z,2021-06-08T00:26:44.000Z
12585,2021-06-08T05:18:15.000Z,2021-06-08T05:38:15.000Z
12586,2021-06-08T22:04:19.000Z,2021-06-08T22:24:19.000Z
12587,2021-06-08T00:20:23.000Z,2021-06-08T00:40:23.000Z
12588,2021-06-08T03:28:40.000Z,2021-06-08T03:48:40.000Z
12589,2021-06-08T14:24:48.000Z,2021-06-08T14:44:48.000Z
12590,2021-06-08T08:24:04.000Z,2021-06-08T08:44:04.000Z
12591,2021-06-08T15:03:27.000Z,2021-06-08T15:23:27.000Z
12592,2021-06-08T05:19:49.000Z,2021-06-08T05:39:49.000Z
12593,2021-06-08T16:39:09.000Z,2021-06-08T16:59:09.000Z
12594,2021-06-08T23:12:31.000Z,2021-06-08T23:32:31.000Z
12595,2021-06-08T19:26:53.000Z,2021-06-08T19:46:53.000Z
12596,2021-06-08T19:33:51.000Z,2021-06-08T19:53:51.000Z
12597,2021-06-08T08:43:49.000Z,2021-06-08T09:03:49.000Z
12598,2021-06-08T18:19:40.000Z,2021-06-08T18:39:40.000Z
12599,2021-06-08T23:06:32.000Z,2021-06-08T23:26:32.000Z
12600,2021-06-09T05:12:25.000Z,2021-06-09T05:32:25.000Z
12601,2021-06-09T08:10:02.000Z,2021-06-09T08:30:02.000Z
12602,2021-06-09T18:02:16.000Z,2021-06-09T18:22:16.000Z
12603,2021-06-09T23:22:43.000Z,2021-06-09T23:42:43.000Z
12604,2021-06-09T16:46:23.000Z,2021-06-09T17:06:23.000Z
12605,2021-06-09T23:36:17.000Z,2021-06-09T23:56:17.000Z
12606,2021-06-09T12:35:14.000Z,2021-06-09T12:55:14.000Z
12607,2021-06-09T01:43:57.000Z,2021-06-09T02:03:57.000Z
12608,2021-06-09T04:31:56.000Z,2021-06-09T04:51:56.000Z
12609,2021-06-09T01:05:57.000Z,2021-06-09T01:25:57.000Z
12610,2021-06-09T22:47:57.000Z,2021-06-09T23:07:57.000Z
12611,2021-06-09T21:28:38.000Z,2021-06-09T21:48:38.000Z
12612,2021-06-09T18:21:42.000Z,2021-06-09T18:41:42.000Z
12613,2021-06-09T07:03:04.000Z,2021-06-09T07:23:04.000Z
12614,2021-06-09T15:25:36.000Z,2021-06-09T15:45:36.000Z
12615,2021-06-09T18:01:12.000Z,2021-06-09T18:21:12.000Z
12616,2021-06-09T20:57:59.000Z,2021-06-09T21:17:59.000Z
12617,2021-06-09T05:31:03.000Z,2021-06-09T05:51:03.000Z
12618,2021-06-09T21:32:47.000Z,2021-06-09T21:52:47.000Z
12619,2021-06-09T23:20:43.000Z,2021-06-09T23:40:43.000Z
12620,2021-06-09T02:10:38.000Z,2021-06-09T02:30:38.000Z
12621,2021-06-09T15:08:59.000Z,2021-06-09T15:28:59.000Z
12622,2021-06-09T02:09:33.000Z,2021-06-09T02:29:33.000Z
12623,2021-06-09T00:45:31.000Z,2021-06-09T01:05:31.000Z
12624,2021-06-10T12:28:46.000Z,2021-06-10T12:48:46.000Z
12625,2021-06-10T12:47:37.000Z,2021-06-10T13:07:37.000Z
12626,2021-06-10T04:57:42.000Z,2021-06-10T05:17:42.000Z
12627,2021-06-10T16:52:49.000Z,2021-06-10T17:12:49.000Z
12628,2021-06-10T01:16:05.000Z,2021-06-10T01:36:05.000Z
12629,2021-06-10T20:09:22.000Z,2021-06-10T20:29:22.000Z
12630,2021-06-10T18:26:35.000Z,2021-06-10T18:46:35.000Z
12631,2021-06-10T09:01:07.000Z,2021-06-10T09:21:07.000Z
12632,2021-06-10T00:12:45.000Z,2021-06-10T00:32:45.000Z
12633,2021-06-10T19:38:59.000Z,2021-06-10T19:58:59.000Z
12634,2021-06-10T05:52:49.000Z,2021-06-10T06:12:49.000Z
12635,2021-06-10T14:47:14.000Z,2021-06-10T15:07:14.000Z
12636,2021-06-10T19:36:02.000Z,2021-06-10T19:56:02.000Z
12637,2021-06-10T11:55:51.000Z,2021-06-10T12:15:51.000Z
12638,2021-06-10T02:50:45.000Z,2021-06-10T03:10:45.000Z
12639,2021-06-10T10:18:23.000Z,2021-06-10T10:38:23.000Z
12640,2021-06-10T22:12:05.000Z,2021-06-10T22:32:05.000Z
12641,2021-06-10T08:20:24.000Z,2021-06-10T08:40:24.000Z
12642,2021-06-10T17:19:17.000Z,2021-06-10T17:39:17.000Z
12643,2021-06-10T15:42:10.000Z,2021-06-10T16:02:10.000Z
12644,2021-06-10T12:53:30.000Z,2021-06-10T13:13:30.000Z
12645,2021-06-10T11:58:13.000Z,2021-06-10T12:18:13.000Z
12646,2021-06-10T16:02:37.000Z,2021-06-10T16:22:37.000Z
12647,2021-06-10T13:46:37.000Z,2021-06-10T14:06:37.000Z
12648,2021-06-11T13:34:02.000Z,2021-06-11T13:54:02.000Z
12649,2021-06-11T16:52:28.000Z,2021-06-11T17:12:28.000Z
12650,2021-06-11T11:29:49.000Z,2021-06-11T11:49:49.000Z
12651,2021-06-11T22:15:40.000Z,2021-06-11T22:35:40.000Z
12652,2021-06-11T19:19:22.000Z,2021-06-11T19:39:22.000Z
12653,2021-06-11T19:39:26.000Z,2021-06-11T19:59:26.000Z
12654,2021-06-11T06:35:19.000Z,2021-06-11T06:55:19.000Z
12655,2021-06-11T01:42:53.000Z,2021-06-11T02:02:53.000Z
12656,2021-06-11T14:30:32.000Z,2021-06-11T14:50:32.000Z
12657,2021-06-11T12:07:58.000Z,2021-06-11T12:27:58.000Z
12658,2021-06-11T23:59:03.000Z,2021-06-12T00:19:03.000Z
12659,2021-06-11T13:04:32.000Z,2021-06-11T13:24:32.000Z
12660,2021-06-11T06:38:06.000Z,2021-06-11T06:58:06.000Z
12661,2021-06-11T16:38:16.000Z,2021-06-11T16:58:16.000Z
12662,2021-06-11T02:54:05.000Z,2021-06-11T03:14:05.000Z
12663,2021-06-11T13:51:58.000Z,2021-06-11T14:11:58.000Z
12664,2021-06-11T01:49:35.000Z,2021-06-11T02:09:35.000Z
12665,2021-06-11T09:03:51.000Z,2021-06-11T09:23:51.000Z
12666,2021-06-11T01:00:42.000Z,2021-06-11T01:20:42.000Z
12667,2021-06-11T14:26:21.000Z,2021-06-11T14:46:21.000Z
12668,2021-06-11T19:48:22.000Z,2021-06-11T20:08:22.000Z
12669,2021-06-11T23:52:17.000Z,2021-06-12T00:12:17.000Z
12670,2021-06-11T12:16:07.000Z,2021-06-11T12:36:07.000Z
12671,2021-06-11T08:58:37.000Z,2021-06-11T09:18:37.000Z
12672,2021-06-12T04:48:46.000Z,2021-06-12T05:08:46.000Z
12673,2021-06-12T21:25:21.000Z,2021-06-12T21:45:21.000Z
12674,2021-06-12T19:02:13.000Z,2021-06-12T19:22:13.000Z
12675,2021-06-12T00:44:26.000Z,2021-06-12T01:04:26.000Z
12676,2021-06-12T02:08:05.000Z,2021-06-12T02:28:05.000Z
12677,2021-06-12T06:56:18.000Z,2021-06-12T07:16:18.000Z
12678,2021-06-12T12:32:25.000Z,2021-06-12T12:52:25.000Z
12679,2021-06-12T05:48:54.000Z,2021-06-12T06:08:54.000Z
12680,2021-06-12T23:14:22.000Z,2021-06-12T23:34:22.000Z
12681,2021-06-12T04:14:07.000Z,2021-06-12T04:34:07.000Z
12682,2021-06-12T05:45:28.000Z,2021-06-12T06:05:28.000Z
12683,2021-06-12T03:28:50.000Z,2021-06-12T03:48:50.000Z
12684,2021-06-12T12:39:59.000Z,2021-06-12T12:59:59.000Z
12685,2021-06-12T10:29:42.000Z,2021-06-12T10:49:42.000Z
12686,2021-06-12T16:35:11.000Z,2021-06-12T16:55:11.000Z
12687,2021-06-12T20:15:15.000Z,2021-06-12T20:35:15.000Z
12688,2021-06-12T05:08:45.000Z,2021-06-12T05:28:45.000Z
12689,2021-06-12T02:29:57.000Z,2021-06-12T02:49:57.000Z
12690,2021-06-12T07:24:00.000Z,2021-06-12T07:44:00.000Z
12691,2021-06-12T23:46:04.000Z,2021-06-13T00:06:04.000Z
12692,2021-06-12T16:12:24.000Z,2021-06-12T16:32:24.000Z
12693,2021-06-12T23:24:44.000Z,2021-06-12T23:44:44.000Z
12694,2021-06-12T02:10:51.000Z,2021-06-12T02:30:51.000Z
12695,2021-06-12T08:29:38.000Z,2021-06-12T08:49:38.000Z
12696,2021-06-13T01:27:07.000Z,2021-06-13T01:47:07.000Z
12697,2021-06-13T19:16:50.000Z,2021-06-13T19:36:50.000Z
12698,2021-06-13T13:28:11.000Z,2021-06-13T13:48:11.000Z
12699,2021-06-13T04:48:08.000Z,2021-06-13T05:08:08.000Z
12700,2021-06-13T07:14:30.000Z,2021-06-13T07:34:30.000Z
12701,2021-06-13T21:26:52.000Z,2021-06-13T21:46:52.000Z
12702,2021-06-13T05:54:32.000Z,2021-06-13T06:14:32.000Z
12703,2021-06-13T02:37:48.000Z,2021-06-13T02:57:48.000Z
12704,2021-06-13T20:31:05.000Z,2021-06-13T20:51:05.000Z
12705,2021-06-13T19:53:47.000Z,2021-06-13T20:13:47.000Z
12706,2021-06-13T12:11:16.000Z,2021-06-13T12:31:16.000Z
12707,2021-06-13T19:33:28.000Z,2021-06-13T19:53:28.000Z
12708,2021-06-13T06:20:32.000Z,2021-06-13T06:40:32.000Z
12709,2021-06-13T09:54:27.000Z,2021-06-13T10:14:27.000Z
12710,2021-06-13T23:50:19.000Z,2021-06-14T00:10:19.000Z
12711,2021-06-13T12:33:09.000Z,2021-06-13T12:53:09.000Z
12712,2021-06-13T23:40:20.000Z,2021-06-14T00:00:20.000Z
12713,2021-06-13T04:43:38.000Z,2021-06-13T05:03:38.000Z
12714,2021-06-13T04:20:57.000Z,2021-06-13T04:40:57.000Z
12715,2021-06-13T16:34:45.000Z,2021-06-13T16:54:45.000Z
12716,2021-06-13T22:18:09.000Z,2021-06-13T22:38:09.000Z
12717,2021-06-13T09:31:56.000Z,2021-06-13T09:51:56.000Z
12718,2021-06-13T07:53:42.000Z,2021-06-13T08:13:42.000Z
12719,2021-06-13T05:04:25.000Z,2021-06-13T05:24:25.000Z
12720,2021-06-14T12:58:35.000Z,2021-06-14T13:18:35.000Z
12721,2021-06-14T04:42:12.000Z,2021-06-14T05:02:12.000Z
12722,2021-06-14T23:39:00.000Z,2021-06-14T23:59:00.000Z
12723,2021-06-14T20:02:16.000Z,2021-06-14T20:22:16.000Z
12724,2021-06-14T16:16:48.000Z,2021-06-14T16:36:48.000Z
12725,2021-06-14T20:19:53.000Z,2021-06-14T20:39:53.000Z
12726,2021-06-14T21:34:44.000Z,2021-06-14T21:54:44.000Z
12727,2021-06-14T13:02:54.000Z,2021-06-14T13:22:54.000Z
12728,2021-06-14T08:00:28.000Z,2021-06-14T08:20:28.000Z
12729,2021-06-14T21:19:11.000Z,2021-06-14T21:39:11.000Z
12730,2021-06-14T08:51:27.000Z,2021-06-14T09:11:27.000Z
12731,2021-06-14T06:37:03.000Z,2021-06-14T06:57:03.000Z
12732,2021-06-14T01:56:40.000Z,2021-06-14T02:16:40.000Z
12733,2021-06-14T04:58:51.000Z,2021-06-14T05:18:51.000Z
12734,2021-06-14T05:22:41.000Z,2021-06-14T05:42:41.000Z
12735,2021-06-14T20:39:03.000Z,2021-06-14T20:59:03.000Z
12736,2021-06-14T20:33:33.000Z,2021-06-14T20:53:33.000Z
12737,2021-06-14T20:02:00.000Z,2021-06-14T20:22:00.000Z
12738,2021-06-14T02:29:38.000Z,2021-06-14T02:49:38.000Z
12739,2021-06-14T06:38:50.000Z,2021-06-14T06:58:50.000Z
12740,2021-06-14T22:44:29.000Z,2021-06-14T23:04:29.000Z
12741,2021-06-14T21:52:56.000Z,2021-06-14T22:12:56.000Z
12742,2021-06-14T20:32:10.000Z,2021-06-14T20:52:10.000Z
12743,2021-06-14T19:48:57.000Z,2021-06-14T20:08:57.000Z
12744,2021-06-15T03:13:20.000Z,2021-06-15T03:33:20.000Z
12745,2021-06-15T02:51:10.000Z,2021-06-15T03:11:10.000Z
12746,2021-06-15T00:37:38.000Z,2021-06-15T00:57:38.000Z
12747,2021-06-15T10:42:23.000Z,2021-06-15T11:02:23.000Z
12748,2021-06-15T12:23:39.000Z,2021-06-15T12:43:39.000Z
12749,2021-06-15T01:58:12.000Z,2021-06-15T02:18:12.000Z
12750,2021-06-15T21:16:21.000Z,2021-06-15T21:36:21.000Z
12751,2021-06-15T12:32:09.000Z,2021-06-15T12:52:09.000Z
12752,2021-06-15T04:55:35.000Z,2021-06-15T05:15:35.000Z
12753,2021-06-15T10:06:08.000Z,2021-06-15T10:26:08.000Z
12754,2021-06-15T02:23:46.000Z,2021-06-15T02:43:46.000Z
12755,2021-06-15T19:41:44.000Z,2021-06-15T20:01:44.000Z
12756,2021-06-15T05:07:00.000Z,2021-06-15T05:27:00.000Z
12757,2021-06-15T06:24:50.000Z,2021-06-15T06:44:50.000Z
12758,2021-06-15T10:53:25.000Z,2021-06-15T11:13:25.000Z
12759,2021-06-15T02:02:08.000Z,2021-06-15T02:22:08.000Z
12760,2021-06-15T03:58:35.000Z,2021-06-15T04:18:35.000Z
12761,2021-06-15T11:01:27.000Z,2021-06-15T11:21:27.000Z
12762,2021-06-15T23:41:12.000Z,2021-06-16T00:01:12.000Z
12763,2021-06-15T03:16:58.000Z,2021-06-15T03:36:58.000Z
12764,2021-06-15T06:26:03.000Z,2021-06-15T06:46:03.000Z
12765,2021-06-15T18:18:53.000Z,2021-06-15T18:38:53.000Z
12766,2021-06-15T10:45:09.000Z,2021-06-15T11:05:09.000Z
12767,2021-06-15T04:28:07.000Z,2021-06-15T04:48:07.000Z
12768,2021-06-16T01:20:33.000Z,2021-06-16T01:40:33.000Z
12769,2021-06-16T05:13:59.000Z,2021-06-16T05:33:59.000Z
12770,2021-06-16T22:57:58.000Z,2021-06-16T23:17:58.000Z
12771,2021-06-16T22:54:23.000Z,2021-06-16T23:14:23.000Z
12772,2021-06-16T17:13:49.000Z,2021-06-16T17:33:49.000Z
12773,2021-06-16T19:50:33.000Z,2021-06-16T20:10:33.000Z
12774,2021-06-16T07:10:07.000Z,2021-06-16T07:30:07.000Z
12775,2021-06-16T20:34:30.000Z,2021-06-16T20:54:30.000Z
12776,2021-06-16T11:54:55.000Z,2021-06-16T12:14:55.000Z
12777,2021-06-16T04:36:24.000Z,2021-06-16T04:56:24.000Z
12778,2021-06-16T18:38:33.000Z,2021-06-16T18:58:33.000Z
12779,2021-06-16T08:10:06.000Z,2021-06-16T08:30:06.000Z
12780,2021-06-16T23:39:21.000Z,2021-06-16T23:59:21.000Z
12781,2021-06-16T18:13:34.000Z,2021-06-16T18:33:34.000Z
12782,2021-06-16T14:07:24.000Z,2021-06-16T14:27:24.000Z
12783,2021-06-16T09:30:00.000Z,2021-06-16T09:50:00.000Z
12784,2021-06-16T20:34:57.000Z,2021-06-16T20:54:57.000Z
12785,2021-06-16T21:17:49.000Z,2021-06-16T21:37:49.000Z
12786,2021-06-16T23:14:17.000Z,2021-06-16T23:34:17.000Z
12787,2021-06-16T08:34:04.000Z,2021-06-16T08:54:04.000Z
12788,2021-06-16T18:05:53.000Z,2021-06-16T18:25:53.000Z
12789,2021-06-16T23:42:16.000Z,2021-06-17T00:02:16.000Z
12790,2021-06-16T02:45:35.000Z,2021-06-16T03:05:35.000Z
12791,2021-06-16T00:26:32.000Z,2021-06-16T00:46:32.000Z
12792,2021-06-17T22:36:22.000Z,2021-06-17T22:56:22.000Z
12793,2021-06-17T11:58:18.000Z,2021-06-17T12:18:18.000Z
12794,2021-06-17T17:05:10.000Z,2021-06-17T17:25:10.000Z
12795,2021-06-17T07:39:07.000Z,2021-06-17T07:59:07.000Z
12796,2021-06-17T21:33:14.000Z,2021-06-17T21:53:14.000Z
12797,2021-06-17T05:31:30.000Z,2021-06-17T05:51:30.000Z
12798,2021-06-17T17:57:20.000Z,2021-06-17T18:17:20.000Z
12799,2021-06-17T20:24:47.000Z,2021-06-17T20:44:47.000Z
12800,2021-06-17T09:51:12.000Z,2021-06-17T10:11:12.000Z
12801,2021-06-17T13:50:43.000Z,2021-06-17T14:10:43.000Z
12802,2021-06-17T03:00:40.000Z,2021-06-17T03:20:40.000Z
12803,2021-06-17T15:12:18.000Z,2021-06-17T15:32:18.000Z
12804,2021-06-17T19:24:39.000Z,2021-06-17T19:44:39.000Z
12805,2021-06-17T10:25:25.000Z,2021-06-17T10:45:25.000Z
12806,2021-06-17T09:38:16.000Z,2021-06-17T09:58:16.000Z
12807,2021-06-17T02:57:36.000Z,2021-06-17T03:17:36.000Z
12808,2021-06-17T07:23:32.000Z,2021-06-17T07:43:32.000Z
12809,2021-06-17T02:39:33.000Z,2021-06-17T02:59:33.000Z
12810,2021-06-17T02:51:43.000Z,2021-06-17T03:11:43.000Z
12811,2021-06-17T18:25:12.000Z,2021-06-17T18:45:12.000Z
12812,2021-06-17T18:48:58.000Z,2021-06-17T19:08:58.000Z
12813,2021-06-17T19:06:39.000Z,2021-06-17T19:26:39.000Z
12814,2021-06-17T06:34:55.000Z,2021-06-17T06:54:55.000Z
12815,2021-06-17T08:03:28.000Z,2021-06-17T08:23:28.000Z
12816,2021-06-18T15:56:33.000Z,2021-06-18T16:16:33.000Z
12817,2021-06-18T12:17:25.000Z,2021-06-18T12:37:25.000Z
12818,2021-06-18T06:55:10.000Z,2021-06-18T07:15:10.000Z
12819,2021-06-18T17:24:07.000Z,2021-06-18T17:44:07.000Z
12820,2021-06-18T05:29:00.000Z,2021-06-18T05:49:00.000Z
12821,2021-06-18T14:40:13.000Z,2021-06-18T15:00:13.000Z
12822,2021-06-18T12:01:48.000Z,2021-06-18T12:21:48.000Z
12823,2021-06-18T18:10:41.000Z,2021-06-18T18:30:41.000Z
12824,2021-06-18T15:01:23.000Z,2021-06-18T15:21:23.000Z
12825,2021-06-18T01:18:32.000Z,2021-06-18T01:38:32.000Z
12826,2021-06-18T01:31:15.000Z,2021-06-18T01:51:15.000Z
12827,2021-06-18T04:28:12.000Z,2021-06-18T04:48:12.000Z
12828,2021-06-18T01:28:01.000Z,2021-06-18T01:48:01.000Z
12829,2021-06-18T11:31:00.000Z,2021-06-18T11:51:00.000Z
12830,2021-06-18T03:52:48.000Z,2021-06-18T04:12:48.000Z
12831,2021-06-18T12:01:33.000Z,2021-06-18T12:21:33.000Z
12832,2021-06-18T05:56:35.000Z,2021-06-18T06:16:35.000Z
12833,2021-06-18T04:22:05.000Z,2021-06-18T04:42:05.000Z
12834,2021-06-18T18:24:04.000Z,2021-06-18T18:44:04.000Z
12835,2021-06-18T19:46:34.000Z,2021-06-18T20:06:34.000Z
12836,2021-06-18T13:58:28.000Z,2021-06-18T14:18:28.000Z
12837,2021-06-18T06:28:01.000Z,2021-06-18T06:48:01.000Z
12838,2021-06-18T23:32:47.000Z,2021-06-18T23:52:47.000Z
12839,2021-06-18T19:22:16.000Z,2021-06-18T19:42:16.000Z
12840,2021-06-19T06:56:33.000Z,2021-06-19T07:16:33.000Z
12841,2021-06-19T09:12:04.000Z,2021-06-19T09:32:04.000Z
12842,2021-06-19T09:07:51.000Z,2021-06-19T09:27:51.000Z
12843,2021-06-19T06:11:41.000Z,2021-06-19T06:31:41.000Z
12844,2021-06-19T22:54:10.000Z,2021-06-19T23:14:10.000Z
12845,2021-06-19T14:47:20.000Z,2021-06-19T15:07:20.000Z
12846,2021-06-19T22:46:06.000Z,2021-06-19T23:06:06.000Z
12847,2021-06-19T02:13:10.000Z,2021-06-19T02:33:10.000Z
12848,2021-06-19T01:37:24.000Z,2021-06-19T01:57:24.000Z
12849,2021-06-19T12:35:56.000Z,2021-06-19T12:55:56.000Z
12850,2021-06-19T08:05:32.000Z,2021-06-19T08:25:32.000Z
12851,2021-06-19T19:55:21.000Z,2021-06-19T20:15:21.000Z
12852,2021-06-19T03:29:10.000Z,2021-06-19T03:49:10.000Z
12853,2021-06-19T03:11:42.000Z,2021-06-19T03:31:42.000Z
12854,2021-06-19T03:10:27.000Z,2021-06-19T03:30:27.000Z
12855,2021-06-19T04:06:44.000Z,2021-06-19T04:26:44.000Z
12856,2021-06-19T16:20:08.000Z,2021-06-19T16:40:08.000Z
12857,2021-06-19T15:39:59.000Z,2021-06-19T15:59:59.000Z
12858,2021-06-19T10:22:13.000Z,2021-06-19T10:42:13.000Z
12859,2021-06-19T11:38:15.000Z,2021-06-19T11:58:15.000Z
12860,2021-06-19T12:40:31.000Z,2021-06-19T13:00:31.000Z
12861,2021-06-19T12:13:55.000Z,2021-06-19T12:33:55.000Z
12862,2021-06-19T01:53:49.000Z,2021-06-19T02:13:49.000Z
12863,2021-06-19T05:19:17.000Z,2021-06-19T05:39:17.000Z
12864,2021-06-20T23:03:21.000Z,2021-06-20T23:23:21.000Z
12865,2021-06-20T12:51:42.000Z,2021-06-20T13:11:42.000Z
12866,2021-06-20T08:20:16.000Z,2021-06-20T08:40:16.000Z
12867,2021-06-20T16:06:55.000Z,2021-06-20T16:26:55.000Z
12868,2021-06-20T23:15:48.000Z,2021-06-20T23:35:48.000Z
12869,2021-06-20T04:33:36.000Z,2021-06-20T04:53:36.000Z
12870,2021-06-20T21:13:52.000Z,2021-06-20T21:33:52.000Z
12871,2021-06-20T18:48:48.000Z,2021-06-20T19:08:48.000Z
12872,2021-06-20T08:21:59.000Z,2021-06-20T08:41:59.000Z
12873,2021-06-20T04:57:37.000Z,2021-06-20T05:17:37.000Z
12874,2021-06-20T13:46:44.000Z,2021-06-20T14:06:44.000Z
12875,2021-06-20T10:06:20.000Z,2021-06-20T10:26:20.000Z
12876,2021-06-20T15:51:56.000Z,2021-06-20T16:11:56.000Z
12877,2021-06-20T03:59:37.000Z,2021-06-20T04:19:37.000Z
12878,2021-06-20T06:27:59.000Z,2021-06-20T06:47:59.000Z
12879,2021-06-20T18:41:56.000Z,2021-06-20T19:01:56.000Z
12880,2021-06-20T02:27:39.000Z,2021-06-20T02:47:39.000Z
12881,2021-06-20T09:45:15.000Z,2021-06-20T10:05:15.000Z
12882,2021-06-20T01:53:09.000Z,2021-06-20T02:13:09.000Z
12883,2021-06-20T05:25:09.000Z,2021-06-20T05:45:09.000Z
12884,2021-06-20T15:28:07.000Z,2021-06-20T15:48:07.000Z
12885,2021-06-20T19:46:39.000Z,2021-06-20T20:06:39.000Z
12886,2021-06-20T02:59:58.000Z,2021-06-20T03:19:58.000Z
12887,2021-06-20T13:00:16.000Z,2021-06-20T13:20:16.000Z
12888,2021-06-21T19:28:29.000Z,2021-06-21T19:48:29.000Z
12889,2021-06-21T23:21:44.000Z,2021-06-21T23:41:44.000Z
12890,2021-06-21T14:49:46.000Z,2021-06-21T15:09:46.000Z
12891,2021-06-21T10:09:19.000Z,2021-06-21T10:29:19.000Z
12892,2021-06-21T10:42:37.000Z,2021-06-21T11:02:37.000Z
12893,2021-06-21T10:09:14.000Z,2021-06-21T10:29:14.000Z
12894,2021-06-21T17:23:28.000Z,2021-06-21T17:43:28.000Z
12895,2021-06-21T08:17:25.000Z,2021-06-21T08:37:25.000Z
12896,2021-06-21T15:28:32.000Z,2021-06-21T15:48:32.000Z
12897,2021-06-21T11:17:47.000Z,2021-06-21T11:37:47.000Z
12898,2021-06-21T12:58:51.000Z,2021-06-21T13:18:51.000Z
12899,2021-06-21T22:48:43.000Z,2021-06-21T23:08:43.000Z
12900,2021-06-21T10:19:08.000Z,2021-06-21T10:39:08.000Z
12901,2021-06-21T07:59:05.000Z,2021-06-21T08:19:05.000Z
12902,2021-06-21T20:37:55.000Z,2021-06-21T20:57:55.000Z
12903,2021-06-21T13:34:12.000Z,2021-06-21T13:54:12.000Z
12904,2021-06-21T13:53:08.000Z,2021-06-21T14:13:08.000Z
12905,2021-06-21T08:43:40.000Z,2021-06-21T09:03:40.000Z
12906,2021-06-21T13:30:42.000Z,2021-06-21T13:50:42.000Z
12907,2021-06-21T15:19:15.000Z,2021-06-21T15:39:15.000Z
12908,2021-06-21T04:05:22.000Z,2021-06-21T04:25:22.000Z
12909,2021-06-21T06:42:56.000Z,2021-06-21T07:02:56.000Z
12910,2021-06-21T12:51:39.000Z,2021-06-21T13:11:39.000Z
12911,2021-06-21T12:11:09.000Z,2021-06-21T12:31:09.000Z
12912,2021-06-22T18:50:04.000Z,2021-06-22T19:10:04.000Z
12913,2021-06-22T11:24:38.000Z,2021-06-22T11:44:38.000Z
12914,2021-06-22T00:49:15.000Z,2021-06-22T01:09:15.000Z
12915,2021-06-22T00:20:20.000Z,2021-06-22T00:40:20.000Z
12916,2021-06-22T05:01:32.000Z,2021-06-22T05:21:32.000Z
12917,2021-06-22T12:07:59.000Z,2021-06-22T12:27:59.000Z
12918,2021-06-22T08:29:17.000Z,2021-06-22T08:49:17.000Z
12919,2021-06-22T14:11:02.000Z,2021-06-22T14:31:02.000Z
12920,2021-06-22T17:13:34.000Z,2021-06-22T17:33:34.000Z
12921,2021-06-22T22:22:22.000Z,2021-06-22T22:42:22.000Z
12922,2021-06-22T11:35:06.000Z,2021-06-22T11:55:06.000Z
12923,2021-06-22T16:31:56.000Z,2021-06-22T16:51:56.000Z
12924,2021-06-22T18:25:41.000Z,2021-06-22T18:45:41.000Z
12925,2021-06-22T00:57:12.000Z,2021-06-22T01:17:12.000Z
12926,2021-06-22T21:17:40.000Z,2021-06-22T21:37:40.000Z
12927,2021-06-22T23:08:50.000Z,2021-06-22T23:28:50.000Z
12928,2021-06-22T00:30:57.000Z,2021-06-22T00:50:57.000Z
12929,2021-06-22T21:44:35.000Z,2021-06-22T22:04:35.000Z
12930,2021-06-22T19:01:21.000Z,2021-06-22T19:21:21.000Z
12931,2021-06-22T18:44:36.000Z,2021-06-22T19:04:36.000Z
12932,2021-06-22T20:32:33.000Z,2021-06-22T20:52:33.000Z
12933,2021-06-22T13:18:24.000Z,2021-06-22T13:38:24.000Z
12934,2021-06-22T14:35:59.000Z,2021-06-22T14:55:59.000Z
12935,2021-06-22T16:01:54.000Z,2021-06-22T16:21:54.000Z
12936,2021-06-23T18:52:19.000Z,2021-06-23T19:12:19.000Z
12937,2021-06-23T15:39:04.000Z,2021-06-23T15:59:04.000Z
12938,2021-06-23T04:17:51.000Z,2021-06-23T04:37:51.000Z
12939,2021-06-23T12:13:47.000Z,2021-06-23T12:33:47.000Z
12940,2021-06-23T07:44:09.000Z,2021-06-23T08:04:09.000Z
12941,2021-06-23T01:34:56.000Z,2021-06-23T01:54:56.000Z
12942,2021-06-23T04:42:06.000Z,2021-06-23T05:02:06.000Z
12943,2021-06-23T03:59:32.000Z,2021-06-23T04:19:32.000Z
12944,2021-06-23T21:11:07.000Z,2021-06-23T21:31:07.000Z
12945,2021-06-23T15:47:41.000Z,2021-06-23T16:07:41.000Z
12946,2021-06-23T04:48:49.000Z,2021-06-23T05:08:49.000Z
12947,2021-06-23T12:21:55.000Z,2021-06-23T12:41:55.000Z
12948,2021-06-23T17:04:28.000Z,2021-06-23T17:24:28.000Z
12949,2021-06-23T10:18:10.000Z,2021-06-23T10:38:10.000Z
12950,2021-06-23T07:20:58.000Z,2021-06-23T07:40:58.000Z
12951,2021-06-23T09:33:58.000Z,2021-06-23T09:53:58.000Z
12952,2021-06-23T03:29:19.000Z,2021-06-23T03:49:19.000Z
12953,2021-06-23T15:51:01.000Z,2021-06-23T16:11:01.000Z
12954,2021-06-23T04:23:48.000Z,2021-06-23T04:43:48.000Z
12955,2021-06-23T13:27:32.000Z,2021-06-23T13:47:32.000Z
12956,2021-06-23T22:05:48.000Z,2021-06-23T22:25:48.000Z
12957,2021-06-23T01:50:16.000Z,2021-06-23T02:10:16.000Z
12958,2021-06-23T20:41:00.000Z,2021-06-23T21:01:00.000Z
12959,2021-06-23T02:15:15.000Z,2021-06-23T02:35:15.000Z
12960,2021-06-24T00:09:06.000Z,2021-06-24T00:29:06.000Z
12961,2021-06-24T02:05:56.000Z,2021-06-24T02:25:56.000Z
12962,2021-06-24T06:38:44.000Z,2021-06-24T06:58:44.000Z
12963,2021-06-24T20:43:36.000Z,2021-06-24T21:03:36.000Z
12964,2021-06-24T03:17:43.000Z,2021-06-24T03:37:43.000Z
12965,2021-06-24T01:38:59.000Z,2021-06-24T01:58:59.000Z
12966,2021-06-24T17:45:27.000Z,2021-06-24T18:05:27.000Z
12967,2021-06-24T01:24:15.000Z,2021-06-24T01:44:15.000Z
12968,2021-06-24T22:55:47.000Z,2021-06-24T23:15:47.000Z
12969,2021-06-24T11:58:09.000Z,2021-06-24T12:18:09.000Z
12970,2021-06-24T20:34:25.000Z,2021-06-24T20:54:25.000Z
12971,2021-06-24T21:46:02.000Z,2021-06-24T22:06:02.000Z
12972,2021-06-24T13:46:04.000Z,2021-06-24T14:06:04.000Z
12973,2021-06-24T03:11:31.000Z,2021-06-24T03:31:31.000Z
12974,2021-06-24T20:16:40.000Z,2021-06-24T20:36:40.000Z
12975,2021-06-24T17:32:43.000Z,2021-06-24T17:52:43.000Z
12976,2021-06-24T12:10:57.000Z,2021-06-24T12:30:57.000Z
12977,2021-06-24T20:55:08.000Z,2021-06-24T21:15:08.000Z
12978,2021-06-24T22:42:58.000Z,2021-06-24T23:02:58.000Z
12979,2021-06-24T06:31:24.000Z,2021-06-24T06:51:24.000Z
12980,2021-06-24T06:32:02.000Z,2021-06-24T06:52:02.000Z
12981,2021-06-24T12:43:22.000Z,2021-06-24T13:03:22.000Z
12982,2021-06-24T07:17:49.000Z,2021-06-24T07:37:49.000Z
12983,2021-06-24T12:52:17.000Z,2021-06-24T13:12:17.000Z
12984,2021-06-25T05:16:06.000Z,2021-06-25T05:36:06.000Z
12985,2021-06-25T03:04:36.000Z,2021-06-25T03:24:36.000Z
12986,2021-06-25T04:03:27.000Z,2021-06-25T04:23:27.000Z
12987,2021-06-25T11:23:05.000Z,2021-06-25T11:43:05.000Z
12988,2021-06-25T05:18:04.000Z,2021-06-25T05:38:04.000Z
12989,2021-06-25T09:54:36.000Z,2021-06-25T10:14:36.000Z
12990,2021-06-25T06:02:50.000Z,2021-06-25T06:22:50.000Z
12991,2021-06-25T16:31:23.000Z,2021-06-25T16:51:23.000Z
12992,2021-06-25T12:24:15.000Z,2021-06-25T12:44:15.000Z
12993,2021-06-25T17:05:18.000Z,2021-06-25T17:25:18.000Z
12994,2021-06-25T18:42:17.000Z,2021-06-25T19:02:17.000Z
12995,2021-06-25T16:32:20.000Z,2021-06-25T16:52:20.000Z
12996,2021-06-25T03:46:37.000Z,2021-06-25T04:06:37.000Z
12997,2021-06-25T14:24:56.000Z,2021-06-25T14:44:56.000Z
12998,2021-06-25T05:45:27.000Z,2021-06-25T06:05:27.000Z
12999,2021-06-25T14:56:08.000Z,2021-06-25T15:16:08.000Z
13000,2021-06-25T14:12:17.000Z,2021-06-25T14:32:17.000Z
13001,2021-06-25T12:35:58.000Z,2021-06-25T12:55:58.000Z
13002,2021-06-25T22:23:41.000Z,2021-06-25T22:43:41.000Z
13003,2021-06-25T08:38:38.000Z,2021-06-25T08:58:38.000Z
13004,2021-06-25T20:45:15.000Z,2021-06-25T21:05:15.000Z
13005,2021-06-25T03:28:31.000Z,2021-06-25T03:48:31.000Z
13006,2021-06-25T06:58:14.000Z,2021-06-25T07:18:14.000Z
13007,2021-06-25T09:47:53.000Z,2021-06-25T10:07:53.000Z
13008,2021-06-26T18:10:51.000Z,2021-06-26T18:30:51.000Z
13009,2021-06-26T01:19:37.000Z,2021-06-26T01:39:37.000Z
13010,2021-06-26T17:24:07.000Z,2021-06-26T17:44:07.000Z
13011,2021-06-26T23:03:19.000Z,2021-06-26T23:23:19.000Z
13012,2021-06-26T04:08:22.000Z,2021-06-26T04:28:22.000Z
13013,2021-06-26T12:34:52.000Z,2021-06-26T12:54:52.000Z
13014,2021-06-26T12:34:18.000Z,2021-06-26T12:54:18.000Z
13015,2021-06-26T09:28:04.000Z,2021-06-26T09:48:04.000Z
13016,2021-06-26T21:08:02.000Z,2021-06-26T21:28:02.000Z
13017,2021-06-26T02:43:43.000Z,2021-06-26T03:03:43.000Z
13018,2021-06-26T09:13:33.000Z,2021-06-26T09:33:33.000Z
13019,2021-06-26T19:25:24.000Z,2021-06-26T19:45:24.000Z
13020,2021-06-26T05:09:44.000Z,2021-06-26T05:29:44.000Z
13021,2021-06-26T06:46:54.000Z,2021-06-26T07:06:54.000Z
13022,2021-06-26T12:48:23.000Z,2021-06-26T13:08:23.000Z
13023,2021-06-26T19:46:36.000Z,2021-06-26T20:06:36.000Z
13024,2021-06-26T00:01:27.000Z,2021-06-26T00:21:27.000Z
13025,2021-06-26T17:54:52.000Z,2021-06-26T18:14:52.000Z
13026,2021-06-26T23:09:30.000Z,2021-06-26T23:29:30.000Z
13027,2021-06-26T22:52:49.000Z,2021-06-26T23:12:49.000Z
13028,2021-06-26T00:57:22.000Z,2021-06-26T01:17:22.000Z
13029,2021-06-26T05:10:45.000Z,2021-06-26T05:30:45.000Z
13030,2021-06-26T14:13:50.000Z,2021-06-26T14:33:50.000Z
13031,2021-06-26T04:43:57.000Z,2021-06-26T05:03:57.000Z
13032,2021-06-27T13:04:59.000Z,2021-06-27T13:24:59.000Z
13033,2021-06-27T20:13:13.000Z,2021-06-27T20:33:13.000Z
13034,2021-06-27T09:12:35.000Z,2021-06-27T09:32:35.000Z
13035,2021-06-27T22:45:09.000Z,2021-06-27T23:05:09.000Z
13036,2021-06-27T04:36:55.000Z,2021-06-27T04:56:55.000Z
13037,2021-06-27T18:20:14.000Z,2021-06-27T18:40:14.000Z
13038,2021-06-27T17:02:23.000Z,2021-06-27T17:22:23.000Z
13039,2021-06-27T17:28:20.000Z,2021-06-27T17:48:20.000Z
13040,2021-06-27T01:36:27.000Z,2021-06-27T01:56:27.000Z
13041,2021-06-27T08:55:08.000Z,2021-06-27T09:15:08.000Z
13042,2021-06-27T00:57:33.000Z,2021-06-27T01:17:33.000Z
13043,2021-06-27T00:37:56.000Z,2021-06-27T00:57:56.000Z
13044,2021-06-27T19:35:05.000Z,2021-06-27T19:55:05.000Z
13045,2021-06-27T11:29:06.000Z,2021-06-27T11:49:06.000Z
13046,2021-06-27T13:57:11.000Z,2021-06-27T14:17:11.000Z
13047,2021-06-27T15:47:05.000Z,2021-06-27T16:07:05.000Z
13048,2021-06-27T11:02:47.000Z,2021-06-27T11:22:47.000Z
13049,2021-06-27T06:21:38.000Z,2021-06-27T06:41:38.000Z
13050,2021-06-27T08:02:31.000Z,2021-06-27T08:22:31.000Z
13051,2021-06-27T08:41:30.000Z,2021-06-27T09:01:30.000Z
13052,2021-06-27T03:48:32.000Z,2021-06-27T04:08:32.000Z
13053,2021-06-27T03:18:04.000Z,2021-06-27T03:38:04.000Z
13054,2021-06-27T23:59:01.000Z,2021-06-28T00:19:01.000Z
13055,2021-06-27T05:28:57.000Z,2021-06-27T05:48:57.000Z
13056,2021-06-28T07:28:09.000Z,2021-06-28T07:48:09.000Z
13057,2021-06-28T03:08:26.000Z,2021-06-28T03:28:26.000Z
13058,2021-06-28T01:28:19.000Z,2021-06-28T01:48:19.000Z
13059,2021-06-28T20:24:49.000Z,2021-06-28T20:44:49.000Z
13060,2021-06-28T19:23:16.000Z,2021-06-28T19:43:16.000Z
13061,2021-06-28T19:27:06.000Z,2021-06-28T19:47:06.000Z
13062,2021-06-28T17:22:45.000Z,2021-06-28T17:42:45.000Z
13063,2021-06-28T21:27:36.000Z,2021-06-28T21:47:36.000Z
13064,2021-06-28T23:15:13.000Z,2021-06-28T23:35:13.000Z
13065,2021-06-28T07:40:57.000Z,2021-06-28T08:00:57.000Z
13066,2021-06-28T09:48:44.000Z,2021-06-28T10:08:44.000Z
13067,2021-06-28T01:27:13.000Z,2021-06-28T01:47:13.000Z
13068,2021-06-28T13:44:55.000Z,2021-06-28T14:04:55.000Z
13069,2021-06-28T05:29:51.000Z,2021-06-28T05:49:51.000Z
13070,2021-06-28T20:21:31.000Z,2021-06-28T20:41:31.000Z
13071,2021-06-28T16:33:52.000Z,2021-06-28T16:53:52.000Z
13072,2021-06-28T00:00:32.000Z,2021-06-28T00:20:32.000Z
13073,2021-06-28T10:50:01.000Z,2021-06-28T11:10:01.000Z
13074,2021-06-28T20:46:58.000Z,2021-06-28T21:06:58.000Z
13075,2021-06-28T05:13:15.000Z,2021-06-28T05:33:15.000Z
13076,2021-06-28T22:12:44.000Z,2021-06-28T22:32:44.000Z
13077,2021-06-28T01:28:47.000Z,2021-06-28T01:48:47.000Z
13078,2021-06-28T06:21:01.000Z,2021-06-28T06:41:01.000Z
13079,2021-06-28T17:10:42.000Z,2021-06-28T17:30:42.000Z
13080,2021-06-29T04:04:32.000Z,2021-06-29T04:24:32.000Z
13081,2021-06-29T14:40:09.000Z,2021-06-29T15:00:09.000Z
13082,2021-06-29T06:08:39.000Z,2021-06-29T06:28:39.000Z
13083,2021-06-29T22:57:37.000Z,2021-06-29T23:17:37.000Z
13084,2021-06-29T11:18:34.000Z,2021-06-29T11:38:34.000Z
13085,2021-06-29T12:02:55.000Z,2021-06-29T12:22:55.000Z
13086,2021-06-29T14:02:42.000Z,2021-06-29T14:22:42.000Z
13087,2021-06-29T12:51:59.000Z,2021-06-29T13:11:59.000Z
13088,2021-06-29T07:31:57.000Z,2021-06-29T07:51:57.000Z
13089,2021-06-29T09:38:54.000Z,2021-06-29T09:58:54.000Z
13090,2021-06-29T18:23:58.000Z,2021-06-29T18:43:58.000Z
13091,2021-06-29T22:45:17.000Z,2021-06-29T23:05:17.000Z
13092,2021-06-29T09:32:00.000Z,2021-06-29T09:52:00.000Z
13093,2021-06-29T00:32:19.000Z,2021-06-29T00:52:19.000Z
13094,2021-06-29T11:19:40.000Z,2021-06-29T11:39:40.000Z
13095,2021-06-29T15:01:15.000Z,2021-06-29T15:21:15.000Z
13096,2021-06-29T13:34:02.000Z,2021-06-29T13:54:02.000Z
13097,2021-06-29T17:27:15.000Z,2021-06-29T17:47:15.000Z
13098,2021-06-29T18:26:51.000Z,2021-06-29T18:46:51.000Z
13099,2021-06-29T17:57:27.000Z,2021-06-29T18:17:27.000Z
13100,2021-06-29T07:13:08.000Z,2021-06-29T07:33:08.000Z
13101,2021-06-29T23:50:02.000Z,2021-06-30T00:10:02.000Z
13102,2021-06-29T09:07:54.000Z,2021-06-29T09:27:54.000Z
13103,2021-06-29T07:52:54.000Z,2021-06-29T08:12:54.000Z
13104,2021-06-30T03:07:52.000Z,2021-06-30T03:27:52.000Z
13105,2021-06-30T16:38:16.000Z,2021-06-30T16:58:16.000Z
13106,2021-06-30T09:21:52.000Z,2021-06-30T09:41:52.000Z
13107,2021-06-30T22:28:50.000Z,2021-06-30T22:48:50.000Z
13108,2021-06-30T10:10:18.000Z,2021-06-30T10:30:18.000Z
13109,2021-06-30T04:59:33.000Z,2021-06-30T05:19:33.000Z
13110,2021-06-30T19:42:42.000Z,2021-06-30T20:02:42.000Z
13111,2021-06-30T04:24:35.000Z,2021-06-30T04:44:35.000Z
13112,2021-06-30T08:08:11.000Z,2021-06-30T08:28:11.000Z
13113,2021-06-30T03:18:38.000Z,2021-06-30T03:38:38.000Z
13114,2021-06-30T11:14:52.000Z,2021-06-30T11:34:52.000Z
13115,2021-06-30T12:28:57.000Z,2021-06-30T12:48:57.000Z
13116,2021-06-30T22:02:52.000Z,2021-06-30T22:22:52.000Z
13117,2021-06-30T18:21:38.000Z,2021-06-30T18:41:38.000Z
13118,2021-06-30T11:48:37.000Z,2021-06-30T12:08:37.000Z
13119,2021-06-30T12:58:11.000Z,2021-06-30T13:18:11.000Z
13120,2021-06-30T14:19:39.000Z,2021-06-30T14:39:39.000Z
13121,2021-06-30T00:24:42.000Z,2021-06-30T00:44:42.000Z
13122,2021-06-30T19:19:20.000Z,2021-06-30T19:39:20.000Z
13123,2021-06-30T11:29:00.000Z,2021-06-30T11:49:00.000Z
13124,2021-06-30T05:27:37.000Z,2021-06-30T05:47:37.000Z
13125,2021-06-30T12:11:21.000Z,2021-06-30T12:31:21.000Z
13126,2021-06-30T22:35:17.000Z,2021-06-30T22:55:17.000Z
13127,2021-06-30T01:31:10.000Z,2021-06-30T01:51:10.000Z
13128,2021-07-01T02:34:38.000Z,2021-07-01T02:54:38.000Z
13129,2021-07-01T19:03:18.000Z,2021-07-01T19:23:18.000Z
13130,2021-07-01T16:12:37.000Z,2021-07-01T16:32:37.000Z
13131,2021-07-01T20:46:16.000Z,2021-07-01T21:06:16.000Z
13132,2021-07-01T06:33:43.000Z,2021-07-01T06:53:43.000Z
13133,2021-07-01T18:20:03.000Z,2021-07-01T18:40:03.000Z
13134,2021-07-01T00:05:11.000Z,2021-07-01T00:25:11.000Z
13135,2021-07-01T03:06:16.000Z,2021-07-01T03:26:16.000Z
13136,2021-07-01T13:52:25.000Z,2021-07-01T14:12:25.000Z
13137,2021-07-01T07:37:43.000Z,2021-07-01T07:57:43.000Z
13138,2021-07-01T19:30:08.000Z,2021-07-01T19:50:08.000Z
13139,2021-07-01T11:12:29.000Z,2021-07-01T11:32:29.000Z
13140,2021-07-01T21:16:24.000Z,2021-07-01T21:36:24.000Z
13141,2021-07-01T00:52:14.000Z,2021-07-01T01:12:14.000Z
13142,2021-07-01T14:43:36.000Z,2021-07-01T15:03:36.000Z
13143,2021-07-01T04:55:32.000Z,2021-07-01T05:15:32.000Z
13144,2021-07-01T00:45:34.000Z,2021-07-01T01:05:34.000Z
13145,2021-07-01T00:32:58.000Z,2021-07-01T00:52:58.000Z
13146,2021-07-01T14:54:48.000Z,2021-07-01T15:14:48.000Z
13147,2021-07-01T21:25:59.000Z,2021-07-01T21:45:59.000Z
13148,2021-07-01T08:32:13.000Z,2021-07-01T08:52:13.000Z
13149,2021-07-01T19:45:56.000Z,2021-07-01T20:05:56.000Z
13150,2021-07-01T05:16:54.000Z,2021-07-01T05:36:54.000Z
13151,2021-07-01T05:57:30.000Z,2021-07-01T06:17:30.000Z
13152,2021-07-02T17:48:26.000Z,2021-07-02T18:08:26.000Z
13153,2021-07-02T17:46:01.000Z,2021-07-02T18:06:01.000Z
13154,2021-07-02T01:27:10.000Z,2021-07-02T01:47:10.000Z
13155,2021-07-02T15:41:57.000Z,2021-07-02T16:01:57.000Z
13156,2021-07-02T20:09:42.000Z,2021-07-02T20:29:42.000Z
13157,2021-07-02T11:19:48.000Z,2021-07-02T11:39:48.000Z
13158,2021-07-02T21:50:36.000Z,2021-07-02T22:10:36.000Z
13159,2021-07-02T09:53:33.000Z,2021-07-02T10:13:33.000Z
13160,2021-07-02T08:01:48.000Z,2021-07-02T08:21:48.000Z
13161,2021-07-02T14:04:25.000Z,2021-07-02T14:24:25.000Z
13162,2021-07-02T22:38:46.000Z,2021-07-02T22:58:46.000Z
13163,2021-07-02T12:48:43.000Z,2021-07-02T13:08:43.000Z
13164,2021-07-02T21:48:30.000Z,2021-07-02T22:08:30.000Z
13165,2021-07-02T17:55:38.000Z,2021-07-02T18:15:38.000Z
13166,2021-07-02T19:24:36.000Z,2021-07-02T19:44:36.000Z
13167,2021-07-02T15:46:38.000Z,2021-07-02T16:06:38.000Z
13168,2021-07-02T02:33:56.000Z,2021-07-02T02:53:56.000Z
13169,2021-07-02T09:17:26.000Z,2021-07-02T09:37:26.000Z
13170,2021-07-02T04:04:52.000Z,2021-07-02T04:24:52.000Z
13171,2021-07-02T20:58:45.000Z,2021-07-02T21:18:45.000Z
13172,2021-07-02T02:37:48.000Z,2021-07-02T02:57:48.000Z
13173,2021-07-02T14:53:35.000Z,2021-07-02T15:13:35.000Z
13174,2021-07-02T01:04:14.000Z,2021-07-02T01:24:14.000Z
13175,2021-07-02T22:41:25.000Z,2021-07-02T23:01:25.000Z
13176,2021-07-03T05:02:27.000Z,2021-07-03T05:22:27.000Z
13177,2021-07-03T22:17:37.000Z,2021-07-03T22:37:37.000Z
13178,2021-07-03T10:25:10.000Z,2021-07-03T10:45:10.000Z
13179,2021-07-03T13:16:56.000Z,2021-07-03T13:36:56.000Z
13180,2021-07-03T20:36:06.000Z,2021-07-03T20:56:06.000Z
13181,2021-07-03T00:58:50.000Z,2021-07-03T01:18:50.000Z
13182,2021-07-03T21:51:15.000Z,2021-07-03T22:11:15.000Z
13183,2021-07-03T05:25:21.000Z,2021-07-03T05:45:21.000Z
13184,2021-07-03T16:13:06.000Z,2021-07-03T16:33:06.000Z
13185,2021-07-03T02:53:36.000Z,2021-07-03T03:13:36.000Z
13186,2021-07-03T14:26:51.000Z,2021-07-03T14:46:51.000Z
13187,2021-07-03T02:44:08.000Z,2021-07-03T03:04:08.000Z
13188,2021-07-03T16:23:46.000Z,2021-07-03T16:43:46.000Z
13189,2021-07-03T12:15:49.000Z,2021-07-03T12:35:49.000Z
13190,2021-07-03T23:01:55.000Z,2021-07-03T23:21:55.000Z
13191,2021-07-03T01:58:52.000Z,2021-07-03T02:18:52.000Z
13192,2021-07-03T09:09:11.000Z,2021-07-03T09:29:11.000Z
13193,2021-07-03T20:05:26.000Z,2021-07-03T20:25:26.000Z
13194,2021-07-03T03:49:41.000Z,2021-07-03T04:09:41.000Z
13195,2021-07-03T10:40:02.000Z,2021-07-03T11:00:02.000Z
13196,2021-07-03T11:30:53.000Z,2021-07-03T11:50:53.000Z
13197,2021-07-03T04:54:35.000Z,2021-07-03T05:14:35.000Z
13198,2021-07-03T11:12:24.000Z,2021-07-03T11:32:24.000Z
13199,2021-07-03T18:48:46.000Z,2021-07-03T19:08:46.000Z
13200,2021-07-04T08:35:47.000Z,2021-07-04T08:55:47.000Z
13201,2021-07-04T04:10:54.000Z,2021-07-04T04:30:54.000Z
13202,2021-07-04T08:08:33.000Z,2021-07-04T08:28:33.000Z
13203,2021-07-04T16:01:58.000Z,2021-07-04T16:21:58.000Z
13204,2021-07-04T09:42:09.000Z,2021-07-04T10:02:09.000Z
13205,2021-07-04T16:13:23.000Z,2021-07-04T16:33:23.000Z
13206,2021-07-04T20:35:20.000Z,2021-07-04T20:55:20.000Z
13207,2021-07-04T08:43:15.000Z,2021-07-04T09:03:15.000Z
13208,2021-07-04T12:45:11.000Z,2021-07-04T13:05:11.000Z
13209,2021-07-04T14:57:23.000Z,2021-07-04T15:17:23.000Z
13210,2021-07-04T20:11:36.000Z,2021-07-04T20:31:36.000Z
13211,2021-07-04T03:01:11.000Z,2021-07-04T03:21:11.000Z
13212,2021-07-04T06:13:46.000Z,2021-07-04T06:33:46.000Z
13213,2021-07-04T13:04:17.000Z,2021-07-04T13:24:17.000Z
13214,2021-07-04T04:58:09.000Z,2021-07-04T05:18:09.000Z
13215,2021-07-04T19:03:47.000Z,2021-07-04T19:23:47.000Z
13216,2021-07-04T01:34:59.000Z,2021-07-04T01:54:59.000Z
13217,2021-07-04T12:45:51.000Z,2021-07-04T13:05:51.000Z
13218,2021-07-04T11:38:11.000Z,2021-07-04T11:58:11.000Z
13219,2021-07-04T18:42:25.000Z,2021-07-04T19:02:25.000Z
13220,2021-07-04T23:18:07.000Z,2021-07-04T23:38:07.000Z
13221,2021-07-04T23:24:33.000Z,2021-07-04T23:44:33.000Z
13222,2021-07-04T18:57:53.000Z,2021-07-04T19:17:53.000Z
13223,2021-07-04T20:36:22.000Z,2021-07-04T20:56:22.000Z
13224,2021-07-05T03:52:35.000Z,2021-07-05T04:12:35.000Z
13225,2021-07-05T13:07:21.000Z,2021-07-05T13:27:21.000Z
13226,2021-07-05T14:03:30.000Z,2021-07-05T14:23:30.000Z
13227,2021-07-05T23:10:49.000Z,2021-07-05T23:30:49.000Z
13228,2021-07-05T13:48:08.000Z,2021-07-05T14:08:08.000Z
13229,2021-07-05T21:54:38.000Z,2021-07-05T22:14:38.000Z
13230,2021-07-05T15:31:00.000Z,2021-07-05T15:51:00.000Z
13231,2021-07-05T19:02:03.000Z,2021-07-05T19:22:03.000Z
13232,2021-07-05T20:18:06.000Z,2021-07-05T20:38:06.000Z
13233,2021-07-05T02:24:07.000Z,2021-07-05T02:44:07.000Z
13234,2021-07-05T08:28:02.000Z,2021-07-05T08:48:02.000Z
13235,2021-07-05T11:00:58.000Z,2021-07-05T11:20:58.000Z
13236,2021-07-05T03:25:29.000Z,2021-07-05T03:45:29.000Z
13237,2021-07-05T14:47:44.000Z,2021-07-05T15:07:44.000Z
13238,2021-07-05T03:01:22.000Z,2021-07-05T03:21:22.000Z
13239,2021-07-05T14:21:34.000Z,2021-07-05T14:41:34.000Z
13240,2021-07-05T03:00:14.000Z,2021-07-05T03:20:14.000Z
13241,2021-07-05T15:24:56.000Z,2021-07-05T15:44:56.000Z
13242,2021-07-05T14:47:16.000Z,2021-07-05T15:07:16.000Z
13243,2021-07-05T05:32:44.000Z,2021-07-05T05:52:44.000Z
13244,2021-07-05T18:00:43.000Z,2021-07-05T18:20:43.000Z
13245,2021-07-05T10:46:48.000Z,2021-07-05T11:06:48.000Z
13246,2021-07-05T15:42:19.000Z,2021-07-05T16:02:19.000Z
13247,2021-07-05T01:04:11.000Z,2021-07-05T01:24:11.000Z
13248,2021-07-06T23:57:41.000Z,2021-07-07T00:17:41.000Z
13249,2021-07-06T10:18:19.000Z,2021-07-06T10:38:19.000Z
13250,2021-07-06T12:51:47.000Z,2021-07-06T13:11:47.000Z
13251,2021-07-06T03:24:43.000Z,2021-07-06T03:44:43.000Z
13252,2021-07-06T21:14:17.000Z,2021-07-06T21:34:17.000Z
13253,2021-07-06T21:16:58.000Z,2021-07-06T21:36:58.000Z
13254,2021-07-06T00:15:05.000Z,2021-07-06T00:35:05.000Z
13255,2021-07-06T04:46:48.000Z,2021-07-06T05:06:48.000Z
13256,2021-07-06T18:01:55.000Z,2021-07-06T18:21:55.000Z
13257,2021-07-06T09:19:05.000Z,2021-07-06T09:39:05.000Z
13258,2021-07-06T00:03:38.000Z,2021-07-06T00:23:38.000Z
13259,2021-07-06T14:04:32.000Z,2021-07-06T14:24:32.000Z
13260,2021-07-06T16:18:02.000Z,2021-07-06T16:38:02.000Z
13261,2021-07-06T23:06:00.000Z,2021-07-06T23:26:00.000Z
13262,2021-07-06T15:03:55.000Z,2021-07-06T15:23:55.000Z
13263,2021-07-06T00:27:04.000Z,2021-07-06T00:47:04.000Z
13264,2021-07-06T00:53:10.000Z,2021-07-06T01:13:10.000Z
13265,2021-07-06T04:05:58.000Z,2021-07-06T04:25:58.000Z
13266,2021-07-06T09:00:54.000Z,2021-07-06T09:20:54.000Z
13267,2021-07-06T15:44:18.000Z,2021-07-06T16:04:18.000Z
13268,2021-07-06T23:59:46.000Z,2021-07-07T00:19:46.000Z
13269,2021-07-06T22:24:56.000Z,2021-07-06T22:44:56.000Z
13270,2021-07-06T01:04:37.000Z,2021-07-06T01:24:37.000Z
13271,2021-07-06T23:33:39.000Z,2021-07-06T23:53:39.000Z
13272,2021-07-07T07:18:57.000Z,2021-07-07T07:38:57.000Z
13273,2021-07-07T02:58:14.000Z,2021-07-07T03:18:14.000Z
13274,2021-07-07T19:01:33.000Z,2021-07-07T19:21:33.000Z
13275,2021-07-07T02:32:01.000Z,2021-07-07T02:52:01.000Z
13276,2021-07-07T20:41:31.000Z,2021-07-07T21:01:31.000Z
13277,2021-07-07T10:40:37.000Z,2021-07-07T11:00:37.000Z
13278,2021-07-07T18:57:23.000Z,2021-07-07T19:17:23.000Z
13279,2021-07-07T19:22:34.000Z,2021-07-07T19:42:34.000Z
13280,2021-07-07T21:31:36.000Z,2021-07-07T21:51:36.000Z
13281,2021-07-07T12:55:43.000Z,2021-07-07T13:15:43.000Z
13282,2021-07-07T13:18:41.000Z,2021-07-07T13:38:41.000Z
13283,2021-07-07T11:38:37.000Z,2021-07-07T11:58:37.000Z
13284,2021-07-07T23:06:54.000Z,2021-07-07T23:26:54.000Z
13285,2021-07-07T10:02:49.000Z,2021-07-07T10:22:49.000Z
13286,2021-07-07T14:40:31.000Z,2021-07-07T15:00:31.000Z
13287,2021-07-07T23:52:42.000Z,2021-07-08T00:12:42.000Z
13288,2021-07-07T05:46:52.000Z,2021-07-07T06:06:52.000Z
13289,2021-07-07T01:52:45.000Z,2021-07-07T02:12:45.000Z
13290,2021-07-07T02:43:28.000Z,2021-07-07T03:03:28.000Z
13291,2021-07-07T19:15:21.000Z,2021-07-07T19:35:21.000Z
13292,2021-07-07T17:34:09.000Z,2021-07-07T17:54:09.000Z
13293,2021-07-07T19:32:05.000Z,2021-07-07T19:52:05.000Z
13294,2021-07-07T18:01:13.000Z,2021-07-07T18:21:13.000Z
13295,2021-07-07T05:55:43.000Z,2021-07-07T06:15:43.000Z
13296,2021-07-08T08:56:34.000Z,2021-07-08T09:16:34.000Z
13297,2021-07-08T22:25:26.000Z,2021-07-08T22:45:26.000Z
13298,2021-07-08T00:12:07.000Z,2021-07-08T00:32:07.000Z
13299,2021-07-08T12:20:25.000Z,2021-07-08T12:40:25.000Z
13300,2021-07-08T02:31:55.000Z,2021-07-08T02:51:55.000Z
13301,2021-07-08T08:35:41.000Z,2021-07-08T08:55:41.000Z
13302,2021-07-08T12:18:04.000Z,2021-07-08T12:38:04.000Z
13303,2021-07-08T16:22:21.000Z,2021-07-08T16:42:21.000Z
13304,2021-07-08T03:24:45.000Z,2021-07-08T03:44:45.000Z
13305,2021-07-08T17:36:16.000Z,2021-07-08T17:56:16.000Z
13306,2021-07-08T22:35:28.000Z,2021-07-08T22:55:28.000Z
13307,2021-07-08T22:24:04.000Z,2021-07-08T22:44:04.000Z
13308,2021-07-08T11:21:00.000Z,2021-07-08T11:41:00.000Z
13309,2021-07-08T01:28:51.000Z,2021-07-08T01:48:51.000Z
13310,2021-07-08T16:34:11.000Z,2021-07-08T16:54:11.000Z
13311,2021-07-08T23:30:27.000Z,2021-07-08T23:50:27.000Z
13312,2021-07-08T02:34:11.000Z,2021-07-08T02:54:11.000Z
13313,2021-07-08T14:23:09.000Z,2021-07-08T14:43:09.000Z
13314,2021-07-08T08:18:57.000Z,2021-07-08T08:38:57.000Z
13315,2021-07-08T22:15:47.000Z,2021-07-08T22:35:47.000Z
13316,2021-07-08T12:51:54.000Z,2021-07-08T13:11:54.000Z
13317,2021-07-08T08:35:52.000Z,2021-07-08T08:55:52.000Z
13318,2021-07-08T10:32:09.000Z,2021-07-08T10:52:09.000Z
13319,2021-07-08T22:31:39.000Z,2021-07-08T22:51:39.000Z
13320,2021-07-09T06:35:38.000Z,2021-07-09T06:55:38.000Z
13321,2021-07-09T14:09:16.000Z,2021-07-09T14:29:16.000Z
13322,2021-07-09T06:18:05.000Z,2021-07-09T06:38:05.000Z
13323,2021-07-09T05:58:30.000Z,2021-07-09T06:18:30.000Z
13324,2021-07-09T02:12:16.000Z,2021-07-09T02:32:16.000Z
13325,2021-07-09T04:55:33.000Z,2021-07-09T05:15:33.000Z
13326,2021-07-09T09:03:39.000Z,2021-07-09T09:23:39.000Z
13327,2021-07-09T23:43:18.000Z,2021-07-10T00:03:18.000Z
13328,2021-07-09T11:16:48.000Z,2021-07-09T11:36:48.000Z
13329,2021-07-09T02:43:44.000Z,2021-07-09T03:03:44.000Z
13330,2021-07-09T03:29:45.000Z,2021-07-09T03:49:45.000Z
13331,2021-07-09T20:32:40.000Z,2021-07-09T20:52:40.000Z
13332,2021-07-09T23:16:20.000Z,2021-07-09T23:36:20.000Z
13333,2021-07-09T18:09:43.000Z,2021-07-09T18:29:43.000Z
13334,2021-07-09T05:33:53.000Z,2021-07-09T05:53:53.000Z
13335,2021-07-09T03:16:31.000Z,2021-07-09T03:36:31.000Z
13336,2021-07-09T18:21:14.000Z,2021-07-09T18:41:14.000Z
13337,2021-07-09T13:51:35.000Z,2021-07-09T14:11:35.000Z
13338,2021-07-09T10:22:51.000Z,2021-07-09T10:42:51.000Z
13339,2021-07-09T19:07:34.000Z,2021-07-09T19:27:34.000Z
13340,2021-07-09T21:48:50.000Z,2021-07-09T22:08:50.000Z
13341,2021-07-09T05:36:11.000Z,2021-07-09T05:56:11.000Z
13342,2021-07-09T03:26:21.000Z,2021-07-09T03:46:21.000Z
13343,2021-07-09T20:41:28.000Z,2021-07-09T21:01:28.000Z
13344,2021-07-10T11:19:13.000Z,2021-07-10T11:39:13.000Z
13345,2021-07-10T09:33:47.000Z,2021-07-10T09:53:47.000Z
13346,2021-07-10T05:54:15.000Z,2021-07-10T06:14:15.000Z
13347,2021-07-10T17:14:28.000Z,2021-07-10T17:34:28.000Z
13348,2021-07-10T08:10:12.000Z,2021-07-10T08:30:12.000Z
13349,2021-07-10T03:42:07.000Z,2021-07-10T04:02:07.000Z
13350,2021-07-10T16:57:03.000Z,2021-07-10T17:17:03.000Z
13351,2021-07-10T05:28:33.000Z,2021-07-10T05:48:33.000Z
13352,2021-07-10T02:09:26.000Z,2021-07-10T02:29:26.000Z
13353,2021-07-10T17:35:42.000Z,2021-07-10T17:55:42.000Z
13354,2021-07-10T05:50:31.000Z,2021-07-10T06:10:31.000Z
13355,2021-07-10T17:49:08.000Z,2021-07-10T18:09:08.000Z
13356,2021-07-10T12:21:24.000Z,2021-07-10T12:41:24.000Z
13357,2021-07-10T01:27:29.000Z,2021-07-10T01:47:29.000Z
13358,2021-07-10T02:47:13.000Z,2021-07-10T03:07:13.000Z
13359,2021-07-10T15:16:02.000Z,2021-07-10T15:36:02.000Z
13360,2021-07-10T17:30:12.000Z,2021-07-10T17:50:12.000Z
13361,2021-07-10T15:33:08.000Z,2021-07-10T15:53:08.000Z
13362,2021-07-10T00:49:56.000Z,2021-07-10T01:09:56.000Z
13363,2021-07-10T17:10:03.000Z,2021-07-10T17:30:03.000Z
13364,2021-07-10T18:26:33.000Z,2021-07-10T18:46:33.000Z
13365,2021-07-10T17:20:24.000Z,2021-07-10T17:40:24.000Z
13366,2021-07-10T21:09:26.000Z,2021-07-10T21:29:26.000Z
13367,2021-07-10T05:10:43.000Z,2021-07-10T05:30:43.000Z
13368,2021-07-11T02:37:52.000Z,2021-07-11T02:57:52.000Z
13369,2021-07-11T21:46:41.000Z,2021-07-11T22:06:41.000Z
13370,2021-07-11T16:48:12.000Z,2021-07-11T17:08:12.000Z
13371,2021-07-11T11:46:42.000Z,2021-07-11T12:06:42.000Z
13372,2021-07-11T20:30:16.000Z,2021-07-11T20:50:16.000Z
13373,2021-07-11T15:22:33.000Z,2021-07-11T15:42:33.000Z
13374,2021-07-11T00:52:58.000Z,2021-07-11T01:12:58.000Z
13375,2021-07-11T14:12:28.000Z,2021-07-11T14:32:28.000Z
13376,2021-07-11T14:04:27.000Z,2021-07-11T14:24:27.000Z
13377,2021-07-11T22:32:53.000Z,2021-07-11T22:52:53.000Z
13378,2021-07-11T18:34:48.000Z,2021-07-11T18:54:48.000Z
13379,2021-07-11T12:00:23.000Z,2021-07-11T12:20:23.000Z
13380,2021-07-11T03:38:50.000Z,2021-07-11T03:58:50.000Z
13381,2021-07-11T03:51:36.000Z,2021-07-11T04:11:36.000Z
13382,2021-07-11T05:45:57.000Z,2021-07-11T06:05:57.000Z
13383,2021-07-11T13:32:45.000Z,2021-07-11T13:52:45.000Z
13384,2021-07-11T15:50:27.000Z,2021-07-11T16:10:27.000Z
13385,2021-07-11T12:16:16.000Z,2021-07-11T12:36:16.000Z
13386,2021-07-11T04:51:28.000Z,2021-07-11T05:11:28.000Z
13387,2021-07-11T10:34:19.000Z,2021-07-11T10:54:19.000Z
13388,2021-07-11T15:53:06.000Z,2021-07-11T16:13:06.000Z
13389,2021-07-11T11:42:19.000Z,2021-07-11T12:02:19.000Z
13390,2021-07-11T06:27:34.000Z,2021-07-11T06:47:34.000Z
13391,2021-07-11T23:28:20.000Z,2021-07-11T23:48:20.000Z
13392,2021-07-12T07:28:06.000Z,2021-07-12T07:48:06.000Z
13393,2021-07-12T21:14:49.000Z,2021-07-12T21:34:49.000Z
13394,2021-07-12T18:09:50.000Z,2021-07-12T18:29:50.000Z
13395,2021-07-12T06:59:13.000Z,2021-07-12T07:19:13.000Z
13396,2021-07-12T02:56:59.000Z,2021-07-12T03:16:59.000Z
13397,2021-07-12T12:24:03.000Z,2021-07-12T12:44:03.000Z
13398,2021-07-12T23:25:39.000Z,2021-07-12T23:45:39.000Z
13399,2021-07-12T03:01:45.000Z,2021-07-12T03:21:45.000Z
13400,2021-07-12T05:59:19.000Z,2021-07-12T06:19:19.000Z
13401,2021-07-12T19:36:46.000Z,2021-07-12T19:56:46.000Z
13402,2021-07-12T06:06:21.000Z,2021-07-12T06:26:21.000Z
13403,2021-07-12T19:15:10.000Z,2021-07-12T19:35:10.000Z
13404,2021-07-12T22:00:21.000Z,2021-07-12T22:20:21.000Z
13405,2021-07-12T03:49:57.000Z,2021-07-12T04:09:57.000Z
13406,2021-07-12T10:29:11.000Z,2021-07-12T10:49:11.000Z
13407,2021-07-12T23:38:14.000Z,2021-07-12T23:58:14.000Z
13408,2021-07-12T15:01:04.000Z,2021-07-12T15:21:04.000Z
13409,2021-07-12T15:07:34.000Z,2021-07-12T15:27:34.000Z
13410,2021-07-12T22:46:30.000Z,2021-07-12T23:06:30.000Z
13411,2021-07-12T08:35:40.000Z,2021-07-12T08:55:40.000Z
13412,2021-07-12T08:51:49.000Z,2021-07-12T09:11:49.000Z
13413,2021-07-12T12:25:22.000Z,2021-07-12T12:45:22.000Z
13414,2021-07-12T08:30:19.000Z,2021-07-12T08:50:19.000Z
13415,2021-07-12T18:56:44.000Z,2021-07-12T19:16:44.000Z
13416,2021-07-13T15:43:28.000Z,2021-07-13T16:03:28.000Z
13417,2021-07-13T09:24:36.000Z,2021-07-13T09:44:36.000Z
13418,2021-07-13T16:18:13.000Z,2021-07-13T16:38:13.000Z
13419,2021-07-13T16:50:55.000Z,2021-07-13T17:10:55.000Z
13420,2021-07-13T21:28:58.000Z,2021-07-13T21:48:58.000Z
13421,2021-07-13T03:22:00.000Z,2021-07-13T03:42:00.000Z
13422,2021-07-13T17:38:22.000Z,2021-07-13T17:58:22.000Z
13423,2021-07-13T04:18:58.000Z,2021-07-13T04:38:58.000Z
13424,2021-07-13T02:44:34.000Z,2021-07-13T03:04:34.000Z
13425,2021-07-13T18:36:50.000Z,2021-07-13T18:56:50.000Z
13426,2021-07-13T06:18:54.000Z,2021-07-13T06:38:54.000Z
13427,2021-07-13T21:49:05.000Z,2021-07-13T22:09:05.000Z
13428,2021-07-13T00:18:43.000Z,2021-07-13T00:38:43.000Z
13429,2021-07-13T01:54:23.000Z,2021-07-13T02:14:23.000Z
13430,2021-07-13T18:06:16.000Z,2021-07-13T18:26:16.000Z
13431,2021-07-13T12:15:13.000Z,2021-07-13T12:35:13.000Z
13432,2021-07-13T14:31:09.000Z,2021-07-13T14:51:09.000Z
13433,2021-07-13T12:58:52.000Z,2021-07-13T13:18:52.000Z
13434,2021-07-13T02:15:35.000Z,2021-07-13T02:35:35.000Z
13435,2021-07-13T16:42:24.000Z,2021-07-13T17:02:24.000Z
13436,2021-07-13T16:51:35.000Z,2021-07-13T17:11:35.000Z
13437,2021-07-13T21:57:36.000Z,2021-07-13T22:17:36.000Z
13438,2021-07-13T09:21:49.000Z,2021-07-13T09:41:49.000Z
13439,2021-07-13T07:37:19.000Z,2021-07-13T07:57:19.000Z
13440,2021-07-14T06:36:56.000Z,2021-07-14T06:56:56.000Z
13441,2021-07-14T10:44:32.000Z,2021-07-14T11:04:32.000Z
13442,2021-07-14T18:31:55.000Z,2021-07-14T18:51:55.000Z
13443,2021-07-14T22:17:22.000Z,2021-07-14T22:37:22.000Z
13444,2021-07-14T23:52:44.000Z,2021-07-15T00:12:44.000Z
13445,2021-07-14T18:22:22.000Z,2021-07-14T18:42:22.000Z
13446,2021-07-14T14:16:23.000Z,2021-07-14T14:36:23.000Z
13447,2021-07-14T21:34:19.000Z,2021-07-14T21:54:19.000Z
13448,2021-07-14T01:35:25.000Z,2021-07-14T01:55:25.000Z
13449,2021-07-14T04:43:29.000Z,2021-07-14T05:03:29.000Z
13450,2021-07-14T05:49:41.000Z,2021-07-14T06:09:41.000Z
13451,2021-07-14T06:28:10.000Z,2021-07-14T06:48:10.000Z
13452,2021-07-14T21:06:39.000Z,2021-07-14T21:26:39.000Z
13453,2021-07-14T13:10:33.000Z,2021-07-14T13:30:33.000Z
13454,2021-07-14T03:04:50.000Z,2021-07-14T03:24:50.000Z
13455,2021-07-14T21:10:59.000Z,2021-07-14T21:30:59.000Z
13456,2021-07-14T12:28:01.000Z,2021-07-14T12:48:01.000Z
13457,2021-07-14T02:10:27.000Z,2021-07-14T02:30:27.000Z
13458,2021-07-14T10:59:43.000Z,2021-07-14T11:19:43.000Z
13459,2021-07-14T16:10:08.000Z,2021-07-14T16:30:08.000Z
13460,2021-07-14T01:31:40.000Z,2021-07-14T01:51:40.000Z
13461,2021-07-14T14:19:38.000Z,2021-07-14T14:39:38.000Z
13462,2021-07-14T18:10:44.000Z,2021-07-14T18:30:44.000Z
13463,2021-07-14T14:45:42.000Z,2021-07-14T15:05:42.000Z
13464,2021-07-15T04:57:00.000Z,2021-07-15T05:17:00.000Z
13465,2021-07-15T15:16:11.000Z,2021-07-15T15:36:11.000Z
13466,2021-07-15T09:29:14.000Z,2021-07-15T09:49:14.000Z
13467,2021-07-15T13:03:07.000Z,2021-07-15T13:23:07.000Z
13468,2021-07-15T17:11:26.000Z,2021-07-15T17:31:26.000Z
13469,2021-07-15T12:36:01.000Z,2021-07-15T12:56:01.000Z
13470,2021-07-15T14:34:06.000Z,2021-07-15T14:54:06.000Z
13471,2021-07-15T04:22:30.000Z,2021-07-15T04:42:30.000Z
13472,2021-07-15T23:42:45.000Z,2021-07-16T00:02:45.000Z
13473,2021-07-15T08:39:26.000Z,2021-07-15T08:59:26.000Z
13474,2021-07-15T09:19:19.000Z,2021-07-15T09:39:19.000Z
13475,2021-07-15T23:25:14.000Z,2021-07-15T23:45:14.000Z
13476,2021-07-15T06:18:50.000Z,2021-07-15T06:38:50.000Z
13477,2021-07-15T21:43:04.000Z,2021-07-15T22:03:04.000Z
13478,2021-07-15T10:24:57.000Z,2021-07-15T10:44:57.000Z
13479,2021-07-15T07:02:21.000Z,2021-07-15T07:22:21.000Z
13480,2021-07-15T00:13:40.000Z,2021-07-15T00:33:40.000Z
13481,2021-07-15T10:24:14.000Z,2021-07-15T10:44:14.000Z
13482,2021-07-15T23:29:20.000Z,2021-07-15T23:49:20.000Z
13483,2021-07-15T15:11:45.000Z,2021-07-15T15:31:45.000Z
13484,2021-07-15T19:23:52.000Z,2021-07-15T19:43:52.000Z
13485,2021-07-15T00:50:55.000Z,2021-07-15T01:10:55.000Z
13486,2021-07-15T14:49:06.000Z,2021-07-15T15:09:06.000Z
13487,2021-07-15T16:36:09.000Z,2021-07-15T16:56:09.000Z
13488,2021-07-16T14:05:58.000Z,2021-07-16T14:25:58.000Z
13489,2021-07-16T07:30:41.000Z,2021-07-16T07:50:41.000Z
13490,2021-07-16T08:03:09.000Z,2021-07-16T08:23:09.000Z
13491,2021-07-16T16:45:04.000Z,2021-07-16T17:05:04.000Z
13492,2021-07-16T11:03:19.000Z,2021-07-16T11:23:19.000Z
13493,2021-07-16T22:10:24.000Z,2021-07-16T22:30:24.000Z
13494,2021-07-16T14:20:58.000Z,2021-07-16T14:40:58.000Z
13495,2021-07-16T14:26:06.000Z,2021-07-16T14:46:06.000Z
13496,2021-07-16T16:09:34.000Z,2021-07-16T16:29:34.000Z
13497,2021-07-16T13:40:47.000Z,2021-07-16T14:00:47.000Z
13498,2021-07-16T03:03:53.000Z,2021-07-16T03:23:53.000Z
13499,2021-07-16T08:25:32.000Z,2021-07-16T08:45:32.000Z
13500,2021-07-16T04:24:12.000Z,2021-07-16T04:44:12.000Z
13501,2021-07-16T16:37:16.000Z,2021-07-16T16:57:16.000Z
13502,2021-07-16T14:02:19.000Z,2021-07-16T14:22:19.000Z
13503,2021-07-16T14:47:32.000Z,2021-07-16T15:07:32.000Z
13504,2021-07-16T07:25:59.000Z,2021-07-16T07:45:59.000Z
13505,2021-07-16T13:32:40.000Z,2021-07-16T13:52:40.000Z
13506,2021-07-16T20:50:06.000Z,2021-07-16T21:10:06.000Z
13507,2021-07-16T16:56:21.000Z,2021-07-16T17:16:21.000Z
13508,2021-07-16T16:56:12.000Z,2021-07-16T17:16:12.000Z
13509,2021-07-16T02:40:36.000Z,2021-07-16T03:00:36.000Z
13510,2021-07-16T14:22:51.000Z,2021-07-16T14:42:51.000Z
13511,2021-07-16T04:58:11.000Z,2021-07-16T05:18:11.000Z
13512,2021-07-17T05:14:45.000Z,2021-07-17T05:34:45.000Z
13513,2021-07-17T00:07:52.000Z,2021-07-17T00:27:52.000Z
13514,2021-07-17T03:06:17.000Z,2021-07-17T03:26:17.000Z
13515,2021-07-17T05:43:28.000Z,2021-07-17T06:03:28.000Z
13516,2021-07-17T07:03:23.000Z,2021-07-17T07:23:23.000Z
13517,2021-07-17T09:07:26.000Z,2021-07-17T09:27:26.000Z
13518,2021-07-17T18:35:40.000Z,2021-07-17T18:55:40.000Z
13519,2021-07-17T21:57:29.000Z,2021-07-17T22:17:29.000Z
13520,2021-07-17T10:02:39.000Z,2021-07-17T10:22:39.000Z
13521,2021-07-17T10:32:24.000Z,2021-07-17T10:52:24.000Z
13522,2021-07-17T06:53:29.000Z,2021-07-17T07:13:29.000Z
13523,2021-07-17T22:08:49.000Z,2021-07-17T22:28:49.000Z
13524,2021-07-17T15:10:58.000Z,2021-07-17T15:30:58.000Z
13525,2021-07-17T11:16:11.000Z,2021-07-17T11:36:11.000Z
13526,2021-07-17T00:31:55.000Z,2021-07-17T00:51:55.000Z
13527,2021-07-17T06:36:59.000Z,2021-07-17T06:56:59.000Z
13528,2021-07-17T03:15:35.000Z,2021-07-17T03:35:35.000Z
13529,2021-07-17T13:35:15.000Z,2021-07-17T13:55:15.000Z
13530,2021-07-17T01:16:14.000Z,2021-07-17T01:36:14.000Z
13531,2021-07-17T14:55:44.000Z,2021-07-17T15:15:44.000Z
13532,2021-07-17T13:42:12.000Z,2021-07-17T14:02:12.000Z
13533,2021-07-17T17:35:20.000Z,2021-07-17T17:55:20.000Z
13534,2021-07-17T05:38:23.000Z,2021-07-17T05:58:23.000Z
13535,2021-07-17T07:12:24.000Z,2021-07-17T07:32:24.000Z
13536,2021-07-18T07:50:13.000Z,2021-07-18T08:10:13.000Z
13537,2021-07-18T22:00:08.000Z,2021-07-18T22:20:08.000Z
13538,2021-07-18T22:53:03.000Z,2021-07-18T23:13:03.000Z
13539,2021-07-18T06:57:51.000Z,2021-07-18T07:17:51.000Z
13540,2021-07-18T22:25:58.000Z,2021-07-18T22:45:58.000Z
13541,2021-07-18T01:06:08.000Z,2021-07-18T01:26:08.000Z
13542,2021-07-18T03:02:18.000Z,2021-07-18T03:22:18.000Z
13543,2021-07-18T23:25:45.000Z,2021-07-18T23:45:45.000Z
13544,2021-07-18T14:28:00.000Z,2021-07-18T14:48:00.000Z
13545,2021-07-18T11:13:08.000Z,2021-07-18T11:33:08.000Z
13546,2021-07-18T11:32:04.000Z,2021-07-18T11:52:04.000Z
13547,2021-07-18T02:43:21.000Z,2021-07-18T03:03:21.000Z
13548,2021-07-18T09:32:26.000Z,2021-07-18T09:52:26.000Z
13549,2021-07-18T17:47:51.000Z,2021-07-18T18:07:51.000Z
13550,2021-07-18T17:58:53.000Z,2021-07-18T18:18:53.000Z
13551,2021-07-18T03:28:25.000Z,2021-07-18T03:48:25.000Z
13552,2021-07-18T16:28:52.000Z,2021-07-18T16:48:52.000Z
13553,2021-07-18T15:36:18.000Z,2021-07-18T15:56:18.000Z
13554,2021-07-18T06:25:35.000Z,2021-07-18T06:45:35.000Z
13555,2021-07-18T22:06:43.000Z,2021-07-18T22:26:43.000Z
13556,2021-07-18T01:11:34.000Z,2021-07-18T01:31:34.000Z
13557,2021-07-18T15:21:49.000Z,2021-07-18T15:41:49.000Z
13558,2021-07-18T10:00:05.000Z,2021-07-18T10:20:05.000Z
13559,2021-07-18T06:27:14.000Z,2021-07-18T06:47:14.000Z
13560,2021-07-19T21:36:37.000Z,2021-07-19T21:56:37.000Z
13561,2021-07-19T06:35:06.000Z,2021-07-19T06:55:06.000Z
13562,2021-07-19T16:40:22.000Z,2021-07-19T17:00:22.000Z
13563,2021-07-19T12:21:44.000Z,2021-07-19T12:41:44.000Z
13564,2021-07-19T22:13:08.000Z,2021-07-19T22:33:08.000Z
13565,2021-07-19T12:20:02.000Z,2021-07-19T12:40:02.000Z
13566,2021-07-19T20:59:52.000Z,2021-07-19T21:19:52.000Z
13567,2021-07-19T17:24:48.000Z,2021-07-19T17:44:48.000Z
13568,2021-07-19T05:40:43.000Z,2021-07-19T06:00:43.000Z
13569,2021-07-19T21:04:51.000Z,2021-07-19T21:24:51.000Z
13570,2021-07-19T05:34:15.000Z,2021-07-19T05:54:15.000Z
13571,2021-07-19T16:16:53.000Z,2021-07-19T16:36:53.000Z
13572,2021-07-19T22:28:01.000Z,2021-07-19T22:48:01.000Z
13573,2021-07-19T21:50:50.000Z,2021-07-19T22:10:50.000Z
13574,2021-07-19T21:34:30.000Z,2021-07-19T21:54:30.000Z
13575,2021-07-19T02:29:09.000Z,2021-07-19T02:49:09.000Z
13576,2021-07-19T03:40:06.000Z,2021-07-19T04:00:06.000Z
13577,2021-07-19T22:24:44.000Z,2021-07-19T22:44:44.000Z
13578,2021-07-19T03:19:37.000Z,2021-07-19T03:39:37.000Z
13579,2021-07-19T03:15:10.000Z,2021-07-19T03:35:10.000Z
13580,2021-07-19T02:14:24.000Z,2021-07-19T02:34:24.000Z
13581,2021-07-19T20:46:06.000Z,2021-07-19T21:06:06.000Z
13582,2021-07-19T02:48:01.000Z,2021-07-19T03:08:01.000Z
13583,2021-07-19T03:45:21.000Z,2021-07-19T04:05:21.000Z
13584,2021-07-20T15:31:05.000Z,2021-07-20T15:51:05.000Z
13585,2021-07-20T04:28:02.000Z,2021-07-20T04:48:02.000Z
13586,2021-07-20T03:44:51.000Z,2021-07-20T04:04:51.000Z
13587,2021-07-20T10:49:54.000Z,2021-07-20T11:09:54.000Z
13588,2021-07-20T08:44:25.000Z,2021-07-20T09:04:25.000Z
13589,2021-07-20T03:46:16.000Z,2021-07-20T04:06:16.000Z
13590,2021-07-20T08:19:52.000Z,2021-07-20T08:39:52.000Z
13591,2021-07-20T18:47:31.000Z,2021-07-20T19:07:31.000Z
13592,2021-07-20T09:28:46.000Z,2021-07-20T09:48:46.000Z
13593,2021-07-20T17:33:54.000Z,2021-07-20T17:53:54.000Z
13594,2021-07-20T16:49:15.000Z,2021-07-20T17:09:15.000Z
13595,2021-07-20T09:22:30.000Z,2021-07-20T09:42:30.000Z
13596,2021-07-20T09:47:29.000Z,2021-07-20T10:07:29.000Z
13597,2021-07-20T04:42:33.000Z,2021-07-20T05:02:33.000Z
13598,2021-07-20T11:25:43.000Z,2021-07-20T11:45:43.000Z
13599,2021-07-20T21:44:29.000Z,2021-07-20T22:04:29.000Z
13600,2021-07-20T00:38:49.000Z,2021-07-20T00:58:49.000Z
13601,2021-07-20T18:58:49.000Z,2021-07-20T19:18:49.000Z
13602,2021-07-20T00:33:47.000Z,2021-07-20T00:53:47.000Z
13603,2021-07-20T19:18:31.000Z,2021-07-20T19:38:31.000Z
13604,2021-07-20T13:00:38.000Z,2021-07-20T13:20:38.000Z
13605,2021-07-20T02:22:19.000Z,2021-07-20T02:42:19.000Z
13606,2021-07-20T19:52:14.000Z,2021-07-20T20:12:14.000Z
13607,2021-07-20T13:59:47.000Z,2021-07-20T14:19:47.000Z
13608,2021-07-21T22:09:56.000Z,2021-07-21T22:29:56.000Z
13609,2021-07-21T20:25:36.000Z,2021-07-21T20:45:36.000Z
13610,2021-07-21T23:56:41.000Z,2021-07-22T00:16:41.000Z
13611,2021-07-21T17:18:37.000Z,2021-07-21T17:38:37.000Z
13612,2021-07-21T04:25:21.000Z,2021-07-21T04:45:21.000Z
13613,2021-07-21T12:16:58.000Z,2021-07-21T12:36:58.000Z
13614,2021-07-21T22:36:16.000Z,2021-07-21T22:56:16.000Z
13615,2021-07-21T13:29:23.000Z,2021-07-21T13:49:23.000Z
13616,2021-07-21T21:58:55.000Z,2021-07-21T22:18:55.000Z
13617,2021-07-21T03:35:11.000Z,2021-07-21T03:55:11.000Z
13618,2021-07-21T21:23:47.000Z,2021-07-21T21:43:47.000Z
13619,2021-07-21T14:44:41.000Z,2021-07-21T15:04:41.000Z
13620,2021-07-21T01:53:53.000Z,2021-07-21T02:13:53.000Z
13621,2021-07-21T02:46:45.000Z,2021-07-21T03:06:45.000Z
13622,2021-07-21T17:06:33.000Z,2021-07-21T17:26:33.000Z
13623,2021-07-21T13:16:00.000Z,2021-07-21T13:36:00.000Z
13624,2021-07-21T21:55:14.000Z,2021-07-21T22:15:14.000Z
13625,2021-07-21T00:47:26.000Z,2021-07-21T01:07:26.000Z
13626,2021-07-21T18:13:31.000Z,2021-07-21T18:33:31.000Z
13627,2021-07-21T13:10:09.000Z,2021-07-21T13:30:09.000Z
13628,2021-07-21T13:36:44.000Z,2021-07-21T13:56:44.000Z
13629,2021-07-21T06:22:08.000Z,2021-07-21T06:42:08.000Z
13630,2021-07-21T12:50:44.000Z,2021-07-21T13:10:44.000Z
13631,2021-07-21T09:42:11.000Z,2021-07-21T10:02:11.000Z
13632,2021-07-22T02:45:06.000Z,2021-07-22T03:05:06.000Z
13633,2021-07-22T12:09:24.000Z,2021-07-22T12:29:24.000Z
13634,2021-07-22T12:21:41.000Z,2021-07-22T12:41:41.000Z
13635,2021-07-22T20:51:20.000Z,2021-07-22T21:11:20.000Z
13636,2021-07-22T21:59:27.000Z,2021-07-22T22:19:27.000Z
13637,2021-07-22T17:49:19.000Z,2021-07-22T18:09:19.000Z
13638,2021-07-22T09:59:21.000Z,2021-07-22T10:19:21.000Z
13639,2021-07-22T19:50:04.000Z,2021-07-22T20:10:04.000Z
13640,2021-07-22T05:04:29.000Z,2021-07-22T05:24:29.000Z
13641,2021-07-22T04:58:59.000Z,2021-07-22T05:18:59.000Z
13642,2021-07-22T15:58:58.000Z,2021-07-22T16:18:58.000Z
13643,2021-07-22T14:03:14.000Z,2021-07-22T14:23:14.000Z
13644,2021-07-22T06:54:22.000Z,2021-07-22T07:14:22.000Z
13645,2021-07-22T12:08:30.000Z,2021-07-22T12:28:30.000Z
13646,2021-07-22T07:14:06.000Z,2021-07-22T07:34:06.000Z
13647,2021-07-22T03:06:34.000Z,2021-07-22T03:26:34.000Z
13648,2021-07-22T23:57:32.000Z,2021-07-23T00:17:32.000Z
13649,2021-07-22T13:48:27.000Z,2021-07-22T14:08:27.000Z
13650,2021-07-22T09:14:53.000Z,2021-07-22T09:34:53.000Z
13651,2021-07-22T21:41:33.000Z,2021-07-22T22:01:33.000Z
13652,2021-07-22T21:55:45.000Z,2021-07-22T22:15:45.000Z
13653,2021-07-22T04:12:27.000Z,2021-07-22T04:32:27.000Z
13654,2021-07-22T23:05:06.000Z,2021-07-22T23:25:06.000Z
13655,2021-07-22T18:10:04.000Z,2021-07-22T18:30:04.000Z
13656,2021-07-23T21:29:59.000Z,2021-07-23T21:49:59.000Z
13657,2021-07-23T17:03:08.000Z,2021-07-23T17:23:08.000Z
13658,2021-07-23T01:35:29.000Z,2021-07-23T01:55:29.000Z
13659,2021-07-23T19:07:38.000Z,2021-07-23T19:27:38.000Z
13660,2021-07-23T00:41:34.000Z,2021-07-23T01:01:34.000Z
13661,2021-07-23T00:45:54.000Z,2021-07-23T01:05:54.000Z
13662,2021-07-23T20:51:10.000Z,2021-07-23T21:11:10.000Z
13663,2021-07-23T19:12:05.000Z,2021-07-23T19:32:05.000Z
13664,2021-07-23T10:23:12.000Z,2021-07-23T10:43:12.000Z
13665,2021-07-23T14:50:15.000Z,2021-07-23T15:10:15.000Z
13666,2021-07-23T07:24:34.000Z,2021-07-23T07:44:34.000Z
13667,2021-07-23T14:10:34.000Z,2021-07-23T14:30:34.000Z
13668,2021-07-23T06:20:19.000Z,2021-07-23T06:40:19.000Z
13669,2021-07-23T07:33:18.000Z,2021-07-23T07:53:18.000Z
13670,2021-07-23T12:24:35.000Z,2021-07-23T12:44:35.000Z
13671,2021-07-23T05:52:37.000Z,2021-07-23T06:12:37.000Z
13672,2021-07-23T09:08:11.000Z,2021-07-23T09:28:11.000Z
13673,2021-07-23T11:20:31.000Z,2021-07-23T11:40:31.000Z
13674,2021-07-23T14:43:48.000Z,2021-07-23T15:03:48.000Z
13675,2021-07-23T23:36:36.000Z,2021-07-23T23:56:36.000Z
13676,2021-07-23T15:50:26.000Z,2021-07-23T16:10:26.000Z
13677,2021-07-23T02:23:36.000Z,2021-07-23T02:43:36.000Z
13678,2021-07-23T11:23:39.000Z,2021-07-23T11:43:39.000Z
13679,2021-07-23T06:01:30.000Z,2021-07-23T06:21:30.000Z
13680,2021-07-24T05:43:31.000Z,2021-07-24T06:03:31.000Z
13681,2021-07-24T11:40:04.000Z,2021-07-24T12:00:04.000Z
13682,2021-07-24T15:36:40.000Z,2021-07-24T15:56:40.000Z
13683,2021-07-24T15:41:22.000Z,2021-07-24T16:01:22.000Z
13684,2021-07-24T08:51:23.000Z,2021-07-24T09:11:23.000Z
13685,2021-07-24T08:24:49.000Z,2021-07-24T08:44:49.000Z
13686,2021-07-24T03:31:22.000Z,2021-07-24T03:51:22.000Z
13687,2021-07-24T07:41:49.000Z,2021-07-24T08:01:49.000Z
13688,2021-07-24T20:18:51.000Z,2021-07-24T20:38:51.000Z
13689,2021-07-24T23:32:34.000Z,2021-07-24T23:52:34.000Z
13690,2021-07-24T15:40:38.000Z,2021-07-24T16:00:38.000Z
13691,2021-07-24T09:52:09.000Z,2021-07-24T10:12:09.000Z
13692,2021-07-24T18:31:13.000Z,2021-07-24T18:51:13.000Z
13693,2021-07-24T03:41:49.000Z,2021-07-24T04:01:49.000Z
13694,2021-07-24T02:39:52.000Z,2021-07-24T02:59:52.000Z
13695,2021-07-24T07:43:49.000Z,2021-07-24T08:03:49.000Z
13696,2021-07-24T15:57:47.000Z,2021-07-24T16:17:47.000Z
13697,2021-07-24T06:44:17.000Z,2021-07-24T07:04:17.000Z
13698,2021-07-24T16:37:51.000Z,2021-07-24T16:57:51.000Z
13699,2021-07-24T23:20:27.000Z,2021-07-24T23:40:27.000Z
13700,2021-07-24T18:51:30.000Z,2021-07-24T19:11:30.000Z
13701,2021-07-24T09:05:01.000Z,2021-07-24T09:25:01.000Z
13702,2021-07-24T07:29:12.000Z,2021-07-24T07:49:12.000Z
13703,2021-07-24T10:01:47.000Z,2021-07-24T10:21:47.000Z
13704,2021-07-25T10:43:31.000Z,2021-07-25T11:03:31.000Z
13705,2021-07-25T16:02:32.000Z,2021-07-25T16:22:32.000Z
13706,2021-07-25T01:32:33.000Z,2021-07-25T01:52:33.000Z
13707,2021-07-25T03:08:24.000Z,2021-07-25T03:28:24.000Z
13708,2021-07-25T22:25:55.000Z,2021-07-25T22:45:55.000Z
13709,2021-07-25T21:03:25.000Z,2021-07-25T21:23:25.000Z
13710,2021-07-25T05:34:02.000Z,2021-07-25T05:54:02.000Z
13711,2021-07-25T05:02:18.000Z,2021-07-25T05:22:18.000Z
13712,2021-07-25T08:54:41.000Z,2021-07-25T09:14:41.000Z
13713,2021-07-25T02:52:54.000Z,2021-07-25T03:12:54.000Z
13714,2021-07-25T16:02:32.000Z,2021-07-25T16:22:32.000Z
13715,2021-07-25T03:55:47.000Z,2021-07-25T04:15:47.000Z
13716,2021-07-25T04:06:17.000Z,2021-07-25T04:26:17.000Z
13717,2021-07-25T11:43:57.000Z,2021-07-25T12:03:57.000Z
13718,2021-07-25T23:45:33.000Z,2021-07-26T00:05:33.000Z
13719,2021-07-25T22:31:34.000Z,2021-07-25T22:51:34.000Z
13720,2021-07-25T15:00:33.000Z,2021-07-25T15:20:33.000Z
13721,2021-07-25T17:33:16.000Z,2021-07-25T17:53:16.000Z
13722,2021-07-25T12:46:55.000Z,2021-07-25T13:06:55.000Z
13723,2021-07-25T06:50:42.000Z,2021-07-25T07:10:42.000Z
13724,2021-07-25T05:45:49.000Z,2021-07-25T06:05:49.000Z
13725,2021-07-25T10:00:20.000Z,2021-07-25T10:20:20.000Z
13726,2021-07-25T22:48:46.000Z,2021-07-25T23:08:46.000Z
13727,2021-07-25T15:41:27.000Z,2021-07-25T16:01:27.000Z
13728,2021-07-26T14:55:51.000Z,2021-07-26T15:15:51.000Z
13729,2021-07-26T11:41:27.000Z,2021-07-26T12:01:27.000Z
13730,2021-07-26T20:10:19.000Z,2021-07-26T20:30:19.000Z
13731,2021-07-26T11:21:04.000Z,2021-07-26T11:41:04.000Z
13732,2021-07-26T12:45:44.000Z,2021-07-26T13:05:44.000Z
13733,2021-07-26T09:52:18.000Z,2021-07-26T10:12:18.000Z
13734,2021-07-26T02:31:39.000Z,2021-07-26T02:51:39.000Z
13735,2021-07-26T12:42:47.000Z,2021-07-26T13:02:47.000Z
13736,2021-07-26T00:05:41.000Z,2021-07-26T00:25:41.000Z
13737,2021-07-26T16:26:13.000Z,2021-07-26T16:46:13.000Z
13738,2021-07-26T15:23:30.000Z,2021-07-26T15:43:30.000Z
13739,2021-07-26T22:34:39.000Z,2021-07-26T22:54:39.000Z
13740,2021-07-26T07:30:36.000Z,2021-07-26T07:50:36.000Z
13741,2021-07-26T13:52:18.000Z,2021-07-26T14:12:18.000Z
13742,2021-07-26T09:37:12.000Z,2021-07-26T09:57:12.000Z
13743,2021-07-26T01:05:22.000Z,2021-07-26T01:25:22.000Z
13744,2021-07-26T14:53:02.000Z,2021-07-26T15:13:02.000Z
13745,2021-07-26T02:10:55.000Z,2021-07-26T02:30:55.000Z
13746,2021-07-26T07:28:33.000Z,2021-07-26T07:48:33.000Z
13747,2021-07-26T04:22:57.000Z,2021-07-26T04:42:57.000Z
13748,2021-07-26T17:03:29.000Z,2021-07-26T17:23:29.000Z
13749,2021-07-26T17:04:07.000Z,2021-07-26T17:24:07.000Z
13750,2021-07-26T15:10:45.000Z,2021-07-26T15:30:45.000Z
13751,2021-07-26T02:50:21.000Z,2021-07-26T03:10:21.000Z
13752,2021-07-27T23:34:24.000Z,2021-07-27T23:54:24.000Z
13753,2021-07-27T11:49:45.000Z,2021-07-27T12:09:45.000Z
13754,2021-07-27T11:12:59.000Z,2021-07-27T11:32:59.000Z
13755,2021-07-27T02:34:14.000Z,2021-07-27T02:54:14.000Z
13756,2021-07-27T12:54:23.000Z,2021-07-27T13:14:23.000Z
13757,2021-07-27T01:51:37.000Z,2021-07-27T02:11:37.000Z
13758,2021-07-27T22:20:20.000Z,2021-07-27T22:40:20.000Z
13759,2021-07-27T09:19:00.000Z,2021-07-27T09:39:00.000Z
13760,2021-07-27T06:53:36.000Z,2021-07-27T07:13:36.000Z
13761,2021-07-27T07:34:50.000Z,2021-07-27T07:54:50.000Z
13762,2021-07-27T22:44:23.000Z,2021-07-27T23:04:23.000Z
13763,2021-07-27T13:56:40.000Z,2021-07-27T14:16:40.000Z
13764,2021-07-27T13:31:31.000Z,2021-07-27T13:51:31.000Z
13765,2021-07-27T07:56:46.000Z,2021-07-27T08:16:46.000Z
13766,2021-07-27T05:06:18.000Z,2021-07-27T05:26:18.000Z
13767,2021-07-27T18:06:51.000Z,2021-07-27T18:26:51.000Z
13768,2021-07-27T14:09:24.000Z,2021-07-27T14:29:24.000Z
13769,2021-07-27T18:52:51.000Z,2021-07-27T19:12:51.000Z
13770,2021-07-27T03:51:25.000Z,2021-07-27T04:11:25.000Z
13771,2021-07-27T09:35:17.000Z,2021-07-27T09:55:17.000Z
13772,2021-07-27T14:17:15.000Z,2021-07-27T14:37:15.000Z
13773,2021-07-27T04:48:00.000Z,2021-07-27T05:08:00.000Z
13774,2021-07-27T07:07:17.000Z,2021-07-27T07:27:17.000Z
13775,2021-07-27T07:35:35.000Z,2021-07-27T07:55:35.000Z
